Brier-Score
RF			END_DT			END_LR			END_NB			PC_DT			PC_LR			PC_NB			MLP
Base	Sigmoid	Isotonic	Base	Sigmoid	Isotonic	Base	Sigmoid	Isotonic	Base	Sigmoid	Isotonic	Base	Sigmoid	Isotonic	Base	Sigmoid	Isotonic	Base	Sigmoid	Isotonic	Base	Sigmoid	Isotonic
0.33027637896606843	0.15864143105669606	0.16071779630844837	0.19763451841786467	0.20462690661882954	0.19650950263350753	0.09198473723058775	0.09841509155222053	0.09659762331520276	0.12116703448317402	0.11594102238782249	0.09986585179591272	0.1898865051462963	0.1932880787357306	0.18007198120409376	0.09087393777675316	0.09946288531477128	0.09004848758225187	0.13260135587915686	0.1247658964497101	0.10078006310702049	0.12024356342847209	0.09705479300903118	0.0975866425765793
0.4547897905434297	0.1586490933035805	0.14723635216610478	0.17415275448561868	0.1824478946217557	0.1654874392199091	0.0808448363742393	0.08341323098757115	0.08441562120857103	0.1263247947517988	0.11527509287549018	0.080324770721247	0.14277822131709994	0.14943881801297856	0.15211056096768055	0.07069562595744992	0.08061588079682423	0.07390843987231906	0.0879540167770837	0.08791775459798931	0.07555429849067197	0.09431023299684071	0.07569982086221755	0.07745630813213532
0.3342132389551151	0.12826533992227226	0.13215659728748366	0.16992604841024564	0.1692667195394777	0.14939701355886503	0.054252824401607586	0.0497979629735896	0.05096174146381531	0.13420148764759754	0.11141361993783826	0.08094278173043447	0.1441863802088224	0.14576882554294315	0.1378769134497823	0.06008071612931934	0.060931963412604186	0.053392067162792434	0.09638423301959305	0.09309498782389805	0.07360188620114205	0.07164741876220142	0.056629166991385003	0.05975679726183211
0.2571512428951359	0.09927768996823265	0.09811020754801555	0.23038412467207958	0.23954972632024288	0.2052149802989129	0.09067196933655669	0.09438181414221396	0.08834330816973388	0.12217102299374183	0.1139662348781712	0.09421457094623878	0.14486737595601026	0.14837298024152692	0.1420127982309364	0.10433906626723786	0.10816128784459092	0.1037901150707825	0.09991146449465657	0.09596660073158456	0.0844796562172117	0.10138897826397565	0.09604203409270537	0.1000897173994204
0.4849263599188433	0.17685840764599883	0.16402281956221118	0.18125495577161496	0.176594882419155	0.16597663516539957	0.08409488842222511	0.08269699817289541	0.08259810413116932	0.1063905433475408	0.10320234900382136	0.08632745491159681	0.16513292339703567	0.1629907183471196	0.15915541014022064	0.09128995558477362	0.0965842222527016	0.08919010677114259	0.09438616823552913	0.09170807512342956	0.08120238848054913	0.09188792776964501	0.09481722732176363	0.09378575277007477
0.3995297145651941	0.1568543231761044	0.16052249040387043	0.1868042734843376	0.18657827743393193	0.18210781940141102	0.08421380662775552	0.07959407038100949	0.0834281075045705	0.15617021189382926	0.14435051313006392	0.09591975622089072	0.15193484683015337	0.15558035031225956	0.1468143044954747	0.0876073220840698	0.07305964722033785	0.0701334592693286	0.09796738272289167	0.09443277163818348	0.08039747431316198	0.09673202643323767	0.09285492693837095	0.09698743070419141
0.4533088869562141	0.1602239251349337	0.15515324984455478	0.18805890987007723	0.1926683374744951	0.18570967196826052	0.07796145706765259	0.07755502347557781	0.07829202092671346	0.10904585690762006	0.1083721738513506	0.08840896102757798	0.19184585722904177	0.19584099500484933	0.1872190409068568	0.10884121338823018	0.11039192287976676	0.10520085462746695	0.10548500748103706	0.10083990135683157	0.08784912193642062	0.1031223802528456	0.0941413402951331	0.09375622464514932
0.24986892899233779	0.09981008553062157	0.09866230938729756	0.17203669782791958	0.16943202570570073	0.15761383829193545	0.054209649910879926	0.045357636581046794	0.04705952567128475	0.0992177295223823	0.09854052434479317	0.07707431459715812	0.15977936501028964	0.16489344393762267	0.1483056085926032	0.07193272355413091	0.07619885377988436	0.07602093987885981	0.09831733985193421	0.0959718647511881	0.07399303539816766	0.07625282652352819	0.0691731036477602	0.07070309096881054
0.26958387646686766	0.12758706423661387	0.13412206492477627	0.2038431728399728	0.21169387571525797	0.19580979845192586	0.10500378755444402	0.10915740873536257	0.10260755512855997	0.1505990911403714	0.143043489307439	0.09372227917049318	0.18473690095337839	0.1924418322413977	0.18160766830960376	0.0814821945375759	0.06864662176407793	0.07059811549775553	0.1677762634845656	0.13352510429992911	0.0953908935516777	0.10438056364359824	0.10585844902539158	0.10140142455290549
0.2841978210596283	0.14280391564229525	0.14019619119892468	0.22174306221042844	0.2320785823752953	0.18641718370217536	0.08576603348337891	0.09393742489642909	0.08569348482764873	0.13308298292740148	0.12992128329115354	0.09090275956353168	0.17733177280176082	0.18138356336776082	0.16565067694157284	0.11025560452775232	0.11527112369798263	0.1048207429762288	0.11217566608369725	0.11402722204246202	0.08687370343874627	0.07804812960478394	0.0757795830121021	0.07573357771809278
0.45347223017866917	0.14935519792468716	0.14904105386528751	0.16991682095070887	0.17766072619052425	0.16193519238829332	0.11577408403927163	0.12397240944606551	0.11498692948666454	0.11854238448942528	0.1120223511940491	0.09234408119952973	0.16422385552126895	0.17329968054091655	0.159869741665821	0.07593015412941342	0.0766077139239846	0.07795043286530169	0.12415111607875659	0.11299767760785331	0.09628178139094772	0.098942473541841	0.09546456567349303	0.09339683433744175
0.5128802405794224	0.18638922674886804	0.17594533224569392	0.1901701996690883	0.1794715140504274	0.1675181564881665	0.08436485033247404	0.09055405886180362	0.08949023855266498	0.1576039569587049	0.15315512887982674	0.10451696791316971	0.15052935697893055	0.1471195816724569	0.14487962734120352	0.08493264167637897	0.08911704166370817	0.08577460697046954	0.10755517222315603	0.10347400388084288	0.08849673943970715	0.11887988101441052	0.09024665878744163	0.09206174401705393
0.2713432987120095	0.12681652320267145	0.13506079183367994	0.17605167785873613	0.18881511114650068	0.18150568827051156	0.08894364552265498	0.09208878392942026	0.09403788474054572	0.10637604439729491	0.10379822419005769	0.0929360559482728	0.16944458443717111	0.17736007165985393	0.16691558018562572	0.0847977940260768	0.0927150086995251	0.09055692383887884	0.155614876984648	0.13813476489424542	0.10638950696112182	0.09405788032560496	0.10093985146692966	0.09726860609751743
0.3012041201113046	0.12786218250777623	0.12731042394246087	0.16951423670901497	0.1731312355024815	0.15763721495802688	0.08590392046594998	0.08680382859004646	0.08468290203860211	0.08754639637013005	0.0846542882880434	0.07989223960043294	0.16908306632876408	0.16798158720876302	0.16298797067468576	0.11990226059386103	0.12242506176249346	0.11231427602700197	0.11005113174315002	0.0950551811886153	0.0810554626681736	0.09572532146849093	0.08243113246890355	0.08170798695431111
0.3829365674131423	0.16287366164537323	0.16203924970572633	0.1916070078416671	0.19745492587310282	0.18359343107950538	0.10563018460167056	0.11402999037136194	0.1001787558674585	0.10179201743851661	0.09910300153108424	0.08247889141402695	0.19376465238945026	0.19550587270422223	0.1771488553640662	0.10168792479599796	0.10719136954448609	0.092024897336352	0.09658449184987454	0.09745462382291381	0.08252863274028263	0.08621176008075598	0.08322302470513264	0.08243731574590346
0.2599079105172766	0.09922321184788427	0.09650983897445747	0.19534558993641013	0.20789907881690242	0.1944099434946439	0.08781663963770735	0.09076419256849705	0.08563534131724448	0.10193640672026757	0.09909544956154842	0.08119031570042577	0.15488842874387748	0.15513159046514763	0.1576899452656561	0.08153485648191405	0.0838384823912448	0.08208830561892086	0.0902750316786412	0.08772123324859639	0.07633908326078133	0.08918943242775383	0.08778033050101358	0.0874658167958158
0.35811411476450195	0.14040301730194182	0.1397227051146178	0.18800528750970205	0.19594056423044978	0.17357438750551987	0.0809304611461255	0.08227243808817804	0.08085816620083165	0.14318742363917816	0.13605572686975254	0.09480409028163514	0.17072677569178665	0.17410346713807145	0.16144745647228395	0.09477229320258228	0.09752892368310195	0.09554497959574103	0.1080532270482509	0.1041209386975516	0.0868968649078289	0.09233096745661419	0.07751094232802831	0.08261147080929358
0.25274420161118843	0.10945709901382449	0.10801265817641853	0.15009904315510253	0.14477031078877187	0.13213371358789458	0.08104437747591262	0.0870634028740678	0.08462062769253748	0.10470375783528225	0.10749682930958211	0.0876005711079295	0.13372799189428675	0.14027604944009123	0.12855212487202244	0.09116234920431654	0.09472379210491978	0.08645011920698377	0.09503561967835605	0.09717558316828602	0.07500909043701277	0.0841643521364629	0.08549405226212017	0.08380389633400644
0.28820397024363736	0.13355679926599665	0.13731729365068288	0.17334033096199633	0.15746774259916319	0.1577938607986879	0.08502920307753747	0.08964217577958586	0.08323611414517042	0.09352640375215804	0.09117123579894813	0.05815317671118106	0.1539449938790234	0.16086468746621632	0.15341130083727614	0.07213287460075081	0.07769836071965093	0.0749044033593515	0.060415446523870237	0.060200783238179185	0.04999002956420847	0.07532558702882675	0.07736292723034477	0.0753485370589875
0.22771694816787758	0.1140803299680604	0.11747691630034883	0.15582831114876633	0.15569354241560432	0.14711480649419673	0.08220891510420113	0.08244578272863297	0.08264049570468605	0.1008318977141085	0.09977238500125572	0.08675741502119638	0.13940594948509324	0.1441838999888054	0.13450616742705768	0.08573439192940886	0.08800965300981294	0.08372350651964958	0.08793106131392123	0.08967040852253252	0.07631847818666046	0.09113076024854237	0.07649796800160064	0.08046428954095634
ECE-Score
RF			END_DT			END_LR			END_NB			PC_DT			PC_LR			PC_NB			MLP
Base	Sigmoid	Isotonic	Base	Sigmoid	Isotonic	Base	Sigmoid	Isotonic	Base	Sigmoid	Isotonic	Base	Sigmoid	Isotonic	Base	Sigmoid	Isotonic	Base	Sigmoid	Isotonic	Base	Sigmoid	Isotonic
0.19221755209770952	0.05858893218704876	0.03863938217215615	0.026925171866133257	0.1676995582813317	0.06019621509217757	0.029098796001150527	0.09268516318955651	0.0641581607462588	0.09388217103982074	0.15889269225672217	0.0996687102289556	0.050999404459335616	0.11892144280139345	0.1585464124291483	0.05772142980638674	0.12653123893304163	0.06483857999024277	0.21255133975859142	0.19017280661315894	0.06148534928356706	0.11028045296580702	0.041527372578284705	0.033382251504301894
0.24240745538489814	0.06081009282699237	0.06272964511544857	0.09834327472071921	0.1172331730729396	0.13932253262551333	0.05430793997987336	0.08594056511341606	0.07017503604393464	0.18085008190071114	0.10516380839759805	0.12468216617608834	0.17751883697726922	0.11366928657814826	0.17491579616140415	0.06520242319274634	0.112321300664502	0.09057345402492421	0.1226400598618067	0.26798085483920175	0.10979104908152118	0.13362439246034336	0.07390883216735852	0.08678040963971453
0.20439155195907555	0.04448624194751884	0.05110614429978203	0.09316660081831218	0.18622858505014178	0.13192906913301305	0.09674944933186176	0.16095393989253481	0.11223311971881134	0.12442550286299461	0.08586784775805449	0.07480936885424012	0.15153428285521078	0.11549362757342822	0.140443437430125	0.042820504021908734	0.10018920626088815	0.09910193147433341	0.2537525065580389	0.23069304622873488	0.05703503698891094	0.11972004102195957	0.06587276692218372	0.07090911609436829
0.20951916080130661	0.07886518459752187	0.04782931017446787	0.11470104548836808	0.1670488888430095	0.15037897567483177	0.03331528635811074	0.12312484349797323	0.041400497689081835	0.056120138783777175	0.20212498113740632	0.0696788545199653	0.10114053861125437	0.12398092879279062	0.19782135891915628	0.0944510936696635	0.11780308044498651	0.08915803864890351	0.2043833837129895	0.12677018666708553	0.07696053327758802	0.07315847517289993	0.09586929464901611	0.1001764443915139
0.27013932857485407	0.04014232159271428	0.04959730179904696	0.08771240226280122	0.090715450673003	0.06941506196123412	0.07867435157278596	0.0550020405696386	0.07643484465135172	0.14951275616624599	0.20131002323003386	0.06010846620879674	0.05722690955964696	0.22392340074663708	0.09559049902897424	0.07036820815630153	0.1916045809026421	0.06958514290131158	0.2208184038251456	0.3483205658620877	0.08885147590390255	0.0645043676524765	0.13781679788097184	0.1254097409221108
0.19559274202408183	0.03232345010375287	0.024133951771367335	0.10575765787546165	0.10867513050710578	0.10046806236571451	0.07949511601307913	0.10686196072896523	0.03358034160355082	0.43227598711586557	0.26495343892939754	0.06418599980895415	0.07675513824782323	0.06550402914787604	0.06610120787989127	0.07565500817090312	0.09873158892723564	0.11917589325991593	0.2987280459316036	0.3216840866344012	0.07628562326178213	0.05816844701650477	0.06616734547024902	0.12073788462169677
0.25423340677479456	0.03442905212334902	0.034987108255934464	0.08562793619400777	0.1651937168667119	0.09560915039409477	0.0766316622744084	0.13319566849494677	0.06317513029497288	0.1602017575492585	0.17525469018207612	0.1355343015618633	0.0410059884799434	0.08489837138284777	0.08796568467133564	0.09267440425528176	0.1144172064609585	0.04656466958170257	0.20578046326232	0.2007588404829388	0.12209143500738986	0.08345902619520332	0.09997589975187868	0.05505384232126529
0.1906362051356589	0.045387795382368264	0.042426582859189065	0.15439814555862047	0.1232819678919785	0.03327475242366612	0.08984873518060418	0.0625050191471889	0.09236582403582866	0.1334822497829598	0.18180930807283627	0.06895358186114077	0.14670816177707435	0.17910041201469226	0.13036797695444852	0.06013628485877791	0.11743709979042571	0.09066544016772894	0.16641202629350735	0.0663063061414547	0.07396712823684573	0.0852358548942854	0.0974685863915214	0.12935886334681004
0.19305232179496556	0.05322868386892855	0.05151807147766409	0.05965540761119762	0.1448336181114785	0.09852488522199246	0.08070423155161646	0.12527184952989334	0.03395141779236739	0.3404105091092213	0.2856719337708372	0.05684876354269682	0.07759759964524156	0.1277876776811607	0.03807680364197068	0.08656024431271639	0.08761922987401292	0.07093222770588858	0.11203884968643987	0.08035679991839609	0.06457369876372078	0.04301649412548866	0.08095987302380903	0.07941565717062025
0.18342593521563297	0.03094502529268095	0.05034808493872894	0.09572622704681596	0.1578733206038203	0.14561420537902117	0.0857207909302206	0.2336483391923428	0.0596495908487271	0.18233844261013832	0.23038397006293804	0.09636343583155847	0.2502898828947915	0.2117694112151824	0.09548781472215347	0.09955242790212104	0.14363319892360207	0.0903155841622624	0.1540894146403271	0.2838873629737133	0.0980240313883177	0.08385999225735312	0.11292159509773363	0.08200609491281388
0.2785775043344919	0.031417854910061105	0.07666096076919199	0.09534956860882185	0.19167297856921725	0.15863614453151412	0.09204392009128706	0.12347867834877717	0.06593091292302147	0.10143463470258549	0.14076678076937799	0.11309644791658151	0.0989027294582677	0.19617049778818121	0.1603865207601373	0.045414910629886555	0.17998691306827738	0.1336829194835613	0.14831622815560358	0.2334706260531927	0.062296980104551494	0.06822011215146243	0.08924057201844726	0.062487725360370526
0.3228307544956341	0.07612042935388577	0.06789145441748043	0.1109986140186638	0.09881145473112422	0.03770303598526539	0.0463370180395737	0.1269653703131331	0.09417593711605722	0.26188462000050794	0.3167175179049757	0.05193216540341141	0.14237966827359624	0.07947381060406211	0.09322366630008497	0.06694838136785962	0.19038721140235487	0.11897521106831963	0.2299474515423033	0.22733845255388946	0.12003211595480816	0.11829217542570278	0.10201399356618061	0.05265322867192109
0.18196216180727107	0.059590010497454715	0.10474341781022853	0.03625833820101221	0.08322565601033463	0.15978850253371224	0.057028231403649	0.06756445288051605	0.07668027829835478	0.05015067845484979	0.049155242300289656	0.06309342550311224	0.0853395111163955	0.047817778701309446	0.163040210864251	0.0627137886603967	0.1334420825778579	0.07368204640982856	0.09422901959676651	0.18901859548975722	0.03845055706963062	0.08649668810044463	0.1274259614797715	0.06346703857990693
0.20984274055464594	0.040223947000309894	0.03927205434548832	0.1762153042143605	0.25043878500677763	0.048879766769255754	0.057194604033453736	0.07781790768174636	0.05484570713510898	0.159469224167102	0.19033239660788775	0.04585292508788345	0.15653906143199803	0.04691223918023938	0.08504075090458726	0.06718470946685681	0.10687035873847046	0.0804246954790698	0.1887279052096549	0.10140234928928896	0.06324175086102204	0.12912132081928865	0.06551060351015929	0.052204166613074886
0.18197921022151908	0.024413200409157787	0.050733795421482	0.08655643744874857	0.1254881288916838	0.03922895858579825	0.12570506161960535	0.19398008027296693	0.052953260929771186	0.07617792370775836	0.09689349309102366	0.09532275951814383	0.19432876199731663	0.2158812539107161	0.08845472660585878	0.13334777438216197	0.19828258507402055	0.0738571897165465	0.2479123428605042	0.3285715073336674	0.11555354578615551	0.06560573028165476	0.05082837298281111	0.047408663800368143
0.19644861351972304	0.061652311109884006	0.030620839923476955	0.12787993567332856	0.2044137995791489	0.08724503138504985	0.060144892298163555	0.12940026236247193	0.028351450960856377	0.1716238733659345	0.15908574216220706	0.2017268866803991	0.11342225907148065	0.1249140862535314	0.1317027699584879	0.08077327062458142	0.12282888538460517	0.08118029124072136	0.2229516014403719	0.10054628402724632	0.10742971895512458	0.07649598967080383	0.08733738040854552	0.09799945757478222
0.20516423728406236	0.07749196864423355	0.05152255074831633	0.09155410225729518	0.14922732897008062	0.07347552315682565	0.05900450153680259	0.10157125493679726	0.07693093860627581	0.20146263368520717	0.21910707580533595	0.06580336536709287	0.10387891476559806	0.07970355628021224	0.07341512246814343	0.024986057161667324	0.10250788063905787	0.07395208953119677	0.10328979207574565	0.22823235182917787	0.018896383022328163	0.09303927432021968	0.04388061612631516	0.043198807064907745
0.19486395534375095	0.051069540898754096	0.09312180983891852	0.11468213125616997	0.0979830224188616	0.14661640927151334	0.08398955918747368	0.12355400336589409	0.10021199264602618	0.1959102875008421	0.2471244995195403	0.12180311917486	0.08670791490018692	0.17370729354797865	0.10117723907856806	0.0874294489341666	0.13133279783416169	0.1197902511558655	0.42106262140667905	0.3044399985843119	0.06210092088436666	0.04776182501761521	0.1390285038667723	0.14529845741625153
0.1848146518991952	0.05227868627575792	0.06670030746609534	0.07052651017076175	0.10700129926654274	0.1009057883759991	0.08429299020709843	0.11864853462525922	0.050986166348478204	0.18148585862142358	0.19351597979306853	0.08757384799478217	0.11627654481466099	0.12452555621857539	0.10358243876835385	0.08566173926998569	0.1122109269356113	0.06298403058959398	0.16575762225756138	0.21211849724634724	0.09513007274751821	0.0637811146951476	0.11237921667733394	0.10088203712749881
0.1723011221672231	0.03358018300414457	0.04325593625218614	0.06021035844789049	0.14009212611375488	0.07096850599844376	0.039804503005680246	0.06277537261237426	0.06312561410918416	0.1287504892710753	0.20663367618734538	0.08585228224881654	0.10463841390925914	0.11701812322605187	0.06101032464193131	0.10313989386599727	0.18358748960094617	0.031005575318757455	0.3221846662168447	0.33249290935199005	0.07436126174290533	0.11914741412404202	0.0632495850916734	0.054029943462767335
Hyperparameter
RF	END_DT	END_LR	END_NB	PC_DT	PC_LR	PC_NB	MLP
{'min_impurity_decrease': 0.006820628846711264, 'min_samples_leaf': 28}	{'max_depth': 3}	{'C': 1.989002315967564, 'penalty': 'l1'}	{'var_smoothing': 0.18836204849738158}	{'max_depth': 3}	{'C': 1.7226130130095363, 'penalty': 'l1'}	{'var_smoothing': 0.2415552583635281}	{'alpha': 0.9869121640622517, 'batch_size': 100, 'power_t': 2.3297820101364564}
{'min_impurity_decrease': 0.017927188556402164, 'min_samples_leaf': 12}	{'max_depth': 3}	{'C': 0.8590395632080206, 'penalty': 'l2'}	{'var_smoothing': 0.2704226170920814}	{'max_depth': 3}	{'C': 1.7044876148290966, 'penalty': 'l1'}	{'var_smoothing': 0.17244475307715024}	{'alpha': 2.0827696040804935, 'batch_size': 300, 'power_t': 1.345477977461238}
{'min_impurity_decrease': 0.00618002142962545, 'min_samples_leaf': 37}	{'max_depth': 3}	{'C': 1.7927585045699523, 'penalty': 'l1'}	{'var_smoothing': 0.2991720194952575}	{'max_depth': 3}	{'C': 3.5898621190037603, 'penalty': 'l1'}	{'var_smoothing': 0.11338369003483516}	{'alpha': 0.43821538057617376, 'batch_size': 100, 'power_t': 0.11144830809078365}
{'min_impurity_decrease': 0.00337332620613794, 'min_samples_leaf': 11}	{'max_depth': 3}	{'C': 1.7879804329625848, 'penalty': 'l1'}	{'var_smoothing': 0.10996450224714004}	{'max_depth': 3}	{'C': 4.5334060456403344, 'penalty': 'l1'}	{'var_smoothing': 0.1290569976574707}	{'alpha': 1.3627456484020453, 'batch_size': 400, 'power_t': 2.579749844107681}
{'min_impurity_decrease': 0.027780322917214974, 'min_samples_leaf': 41}	{'max_depth': 3}	{'C': 1.385073321044209, 'penalty': 'l1'}	{'var_smoothing': 0.15418993572512762}	{'max_depth': 3}	{'C': 1.4867568507023188, 'penalty': 'l1'}	{'var_smoothing': 0.12733930748304445}	{'alpha': 0.3764100265389239, 'batch_size': 200, 'power_t': 3.5352483860196298}
{'min_impurity_decrease': 0.015214402256798567, 'min_samples_leaf': 7}	{'max_depth': 3}	{'C': 0.7310934659968693, 'penalty': 'l1'}	{'var_smoothing': 0.005592298254448061}	{'max_depth': 3}	{'C': 0.307070117425704, 'penalty': 'l1'}	{'var_smoothing': 0.04947787875251585}	{'alpha': 0.4786411707008345, 'batch_size': 300, 'power_t': 3.9488976185634352}
{'min_impurity_decrease': 0.020079864725716313, 'min_samples_leaf': 26}	{'max_depth': 3}	{'C': 1.2880627978322512, 'penalty': 'l1'}	{'var_smoothing': 0.05558101702487283}	{'max_depth': 3}	{'C': 7.317082910242368, 'penalty': 'l1'}	{'var_smoothing': 0.027922895657592532}	{'alpha': 1.2891808173118204, 'batch_size': 300, 'power_t': 2.082803491880139}
{'min_impurity_decrease': 0.002241506671286732, 'min_samples_leaf': 16}	{'max_depth': 3}	{'C': 0.5250908943886412, 'penalty': 'l1'}	{'var_smoothing': 0.1307647738417168}	{'max_depth': 3}	{'C': 4.300747250399169, 'penalty': 'l1'}	{'var_smoothing': 0.06875188539349851}	{'alpha': 0.701051729671787, 'batch_size': 300, 'power_t': 1.3693016058792091}
{'min_impurity_decrease': 0.0034431080022059427, 'min_samples_leaf': 10}	{'max_depth': 3}	{'C': 3.1334607115932442, 'penalty': 'l1'}	{'var_smoothing': 0.035441413261445336}	{'max_depth': 3}	{'C': 0.3173377940781996, 'penalty': 'l1'}	{'var_smoothing': 0.3577356879948065}	{'alpha': 0.275446412189653, 'batch_size': 300, 'power_t': 3.5076951033319106}
{'min_impurity_decrease': 0.0012177623508806035, 'min_samples_leaf': 36}	{'max_depth': 3}	{'C': 2.231996892670974, 'penalty': 'l1'}	{'var_smoothing': 0.14800000750638853}	{'max_depth': 3}	{'C': 6.682849622855359, 'penalty': 'l1'}	{'var_smoothing': 0.05998797879811368}	{'alpha': 0.5293896845298843, 'batch_size': 300, 'power_t': 1.8348245778203371}
{'min_impurity_decrease': 0.02117232049009428, 'min_samples_leaf': 22}	{'max_depth': 3}	{'C': 9.470333981913948, 'penalty': 'l1'}	{'var_smoothing': 0.2183759629570866}	{'max_depth': 3}	{'C': 0.43901717734256107, 'penalty': 'l1'}	{'var_smoothing': 0.2392723707837543}	{'alpha': 0.3137564795778805, 'batch_size': 100, 'power_t': 0.7297369030262553}
{'min_impurity_decrease': 0.04231217490557525, 'min_samples_leaf': 31}	{'max_depth': 2}	{'C': 1.810674948562877, 'penalty': 'l1'}	{'var_smoothing': 0.028287768756584557}	{'max_depth': 3}	{'C': 5.014753804657335, 'penalty': 'l1'}	{'var_smoothing': 0.13296446805449402}	{'alpha': 2.803260575019495, 'batch_size': 400, 'power_t': 1.8895604847990533}
{'min_impurity_decrease': 0.003355790654322123, 'min_samples_leaf': 13}	{'max_depth': 3}	{'C': 0.8656336013983357, 'penalty': 'l2'}	{'var_smoothing': 0.0737363711016109}	{'max_depth': 3}	{'C': 1.3658345325274668, 'penalty': 'l1'}	{'var_smoothing': 0.32326224083763244}	{'alpha': 0.1884352436666284, 'batch_size': 300, 'power_t': 1.0250537414043126}
{'min_impurity_decrease': 0.001026008354243092, 'min_samples_leaf': 46}	{'max_depth': 3}	{'C': 2.3920392969355295, 'penalty': 'l1'}	{'var_smoothing': 0.14360865465035455}	{'max_depth': 3}	{'C': 8.343447289703617, 'penalty': 'l1'}	{'var_smoothing': 0.24287220574480217}	{'alpha': 1.6028847690310213, 'batch_size': 500, 'power_t': 3.1079487632892415}
{'min_impurity_decrease': 0.008789271803562539, 'min_samples_leaf': 39}	{'max_depth': 3}	{'C': 3.6497196721245193, 'penalty': 'l1'}	{'var_smoothing': 0.1372514680593071}	{'max_depth': 3}	{'C': 3.0749798265004333, 'penalty': 'l1'}	{'var_smoothing': 0.10681279947948662}	{'alpha': 0.25868760272948405, 'batch_size': 400, 'power_t': 0.13043722871098462}
{'min_impurity_decrease': 0.0042558382956920165, 'min_samples_leaf': 2}	{'max_depth': 3}	{'C': 3.550986827364394, 'penalty': 'l1'}	{'var_smoothing': 0.1415150728809732}	{'max_depth': 3}	{'C': 2.2887409143284563, 'penalty': 'l1'}	{'var_smoothing': 0.11877403728261314}	{'alpha': 0.7754900630051434, 'batch_size': 300, 'power_t': 1.5463091396757593}
{'min_impurity_decrease': 0.008997433925436728, 'min_samples_leaf': 23}	{'max_depth': 3}	{'C': 2.081004888530914, 'penalty': 'l1'}	{'var_smoothing': 0.10056295145530413}	{'max_depth': 3}	{'C': 1.5447928334158811, 'penalty': 'l2'}	{'var_smoothing': 0.022193896302222453}	{'alpha': 1.137906057645103, 'batch_size': 200, 'power_t': 0.08957635762781313}
{'min_impurity_decrease': 0.003273836979912349, 'min_samples_leaf': 13}	{'max_depth': 3}	{'C': 1.439900827503261, 'penalty': 'l1'}	{'var_smoothing': 0.08845230349852072}	{'max_depth': 3}	{'C': 5.361091566966053, 'penalty': 'l1'}	{'var_smoothing': 0.066788028481626}	{'alpha': 0.7035193704675927, 'batch_size': 300, 'power_t': 0.5511967093826471}
{'min_impurity_decrease': 0.003292550570293419, 'min_samples_leaf': 30}	{'max_depth': 3}	{'C': 16.052262293981652, 'penalty': 'l1'}	{'var_smoothing': 0.16509841578979412}	{'max_depth': 3}	{'C': 2.921161258535242, 'penalty': 'l1'}	{'var_smoothing': 0.14408622029148177}	{'alpha': 0.2833201327935955, 'batch_size': 200, 'power_t': 3.52170978002709}
{'min_impurity_decrease': 0.002256973311864986, 'min_samples_leaf': 8}	{'max_depth': 3}	{'C': 1.5805663489038813, 'penalty': 'l1'}	{'var_smoothing': 0.15009575149568577}	{'max_depth': 3}	{'C': 2.825720304624032, 'penalty': 'l1'}	{'var_smoothing': 0.0707819909533045}	{'alpha': 1.5075877542743334, 'batch_size': 300, 'power_t': 4.916637390092437}
Mean Fit Time
RF	END_DT	END_LR	END_NB	PC_DT	PC_LR	PC_NB	MLP
0.044285980860392246	0.16640042463938393	0.44579348564147947	0.22631905873616534	0.01673382918039958	0.041304802894592284	0.01522792180379232	0.9215782721837362
0.03982125123341877	0.1747110923131307	0.3320006291071574	0.20978570779164635	0.015328319867451987	0.045977449417114256	0.013629714647928873	1.0121595303217572
0.037688016891479485	0.15558599630991618	0.4001714150110881	0.19427263736724854	0.013829644521077475	0.046017384529113775	0.012696178754170733	0.9789119561513265
0.04046306610107422	0.1568008343378703	0.43226010004679366	0.21812284787495934	0.018336121241251627	0.04060417811075846	0.01253033479054769	1.0066495418548582
0.038177323341369626	0.1661578019460042	0.3302615563074748	0.19770685036977131	0.014958294232686362	0.043935577074686684	0.012964574495951333	1.0172799030939736
0.04195388158162435	0.16184160709381104	0.39678396383921305	0.21080005963643395	0.014761575063069663	0.04158631165822347	0.016327587763468425	1.0333215395609539
0.03995433648427328	0.16412905057271324	0.4389664491017659	0.20838537216186523	0.013962133725484212	0.04420924186706544	0.013035718599955243	1.0573238531748455
0.046818025906880695	0.16403729915618898	0.43259401321411134	0.201720666885376	0.017427452405293784	0.03856751124064128	0.013896361986796063	0.9891472260157267
0.04446816444396973	0.15111379623413085	0.458613920211792	0.19153093496958415	0.015432031949361163	0.046987517674763994	0.011996754010518394	0.9996712843577068
0.0407866636912028	0.16311338742574055	0.362042768796285	0.19429775873819988	0.015404868125915527	0.046085421244303384	0.012529246012369794	0.9765674908955893
0.04378647804260254	0.15624464352925618	0.4600221474965413	0.20908404986063642	0.01756126880645752	0.04082462787628173	0.013341442743937176	1.0119666735331219
0.05990235805511475	0.22766554355621338	0.5664186398188273	0.23885551293690996	0.029057176907857262	0.05770983695983887	0.01652578512827555	1.2598876635233562
0.049451382954915364	0.18167628447214762	0.5901200691858928	0.22008377710978194	0.016994404792785647	0.043852949142456056	0.017130446434020997	1.1503307819366455
0.0442918062210083	0.1629631757736206	0.5500370264053346	0.20492049058278403	0.01804925600687663	0.05255533854166666	0.013529825210571288	1.0365242083867392
0.04298168023427327	0.1614876349767049	0.5168599685033162	0.19873719215393065	0.015161585807800295	0.04828418890635173	0.012280901273091633	1.206390086809794
0.046951285998026525	0.16304512023925782	0.5194242954254151	0.21763351758321128	0.015729792912801105	0.041747148831685385	0.012564857800801596	1.0600077072779337
0.041307075818379724	0.16054929892222086	0.4049094994862875	0.20698001384735107	0.015990400314331056	0.04394325415293376	0.013140535354614258	1.057564934094747
0.043819284439086906	0.14341943264007567	0.33559226195017494	0.23567941188812255	0.016861518224080406	0.06173041661580404	0.016323765118916832	1.4480270544687908
0.0449616273244222	0.19438819885253905	0.47805971304575606	0.2087949593861898	0.016828449567159016	0.0571814219156901	0.013826624552408854	1.1273078123728433
0.047325038909912104	0.17183605829874676	0.4347172339757284	0.215387233098348	0.01665635903676351	0.04736731847127278	0.01296382745107015	1.069107151031494
Mean Score Time
RF	END_DT	END_LR	END_NB	PC_DT	PC_LR	PC_NB	MLP
0.0053644816080729175	0.0036827007929484045	0.006282035509745279	0.039356501897176106	0.14590328534444175	0.12077072461446126	0.2806172609329224	0.0022997458775838218
0.004797768592834473	0.003799756368001302	0.004765065511067708	0.03665372530619303	0.1447932481765747	0.13941090901692707	0.28267277876536057	0.0021322806676228843
0.004665017127990722	0.0036656459172566733	0.004432455698649088	0.0315561850865682	0.14026803175608316	0.11116488774617513	0.3003705024719238	0.0021993001302083337
0.0051383574803670245	0.0037979046503702806	0.005731813112894694	0.03109141985575358	0.1678350369135539	0.12939256032307941	0.2738318125406901	0.0020152171452840167
0.004973165194193522	0.003665653864542643	0.005269551277160644	0.03190129597981771	0.14157464504241943	0.11799530188242595	0.2762293656667073	0.0021990378697713214
0.0048982302347819005	0.003565549850463867	0.004931910832722983	0.02782447338104248	0.13472349643707277	0.13575634956359867	0.3146175543467204	0.002165961265563965
0.005065043767293295	0.003765495618184408	0.004865956306457519	0.02229339281717936	0.1365514039993286	0.12517932256062828	0.28806909720102947	0.002232082684834798
0.005446998278299968	0.003965544700622558	0.005298995971679687	0.024092094103495276	0.16476489702860514	0.12145117123921714	0.2824082533518474	0.0020325740178426107
0.005398432413736979	0.0038654406865437823	0.004889106750488281	0.02119301954905192	0.13983502388000485	0.11930594444274903	0.2799766063690186	0.0021654208501180015
0.005131085713704428	0.003632561365763347	0.00506589412689209	0.027490758895874025	0.13828734556833905	0.129476531346639	0.2758288304011027	0.0022317330042521157
0.00536494255065918	0.004564992586771647	0.005161126454671224	0.027342009544372558	0.15082876682281493	0.12167071501413981	0.28551362355550125	0.0021661043167114256
0.007530744870503743	0.005165704091389974	0.006931511561075847	0.027022099494934088	0.22832690874735512	0.15586326122283933	0.3773220618565877	0.002741281191507975
0.0059661070505778	0.004864954948425293	0.005897879600524902	0.028756848971048993	0.17433467706044517	0.13739167054494222	0.34463345209757484	0.0021996339162190758
0.005265402793884278	0.00453178882598877	0.005698267618815105	0.02767462730407715	0.16308292547861736	0.13819865385691327	0.29065898259480794	0.002499715487162272
0.005498345692952474	0.004064432779947917	0.005139573415120443	0.02519208590189616	0.14007263978322346	0.10973128477732338	0.2634493112564087	0.002431909243265788
0.005598044395446778	0.004423864682515462	0.005965193112691244	0.02949155966440837	0.14669227600097656	0.12455739180246987	0.2885723114013672	0.0021326621373494465
0.005231396357218423	0.0040988922119140625	0.004932236671447754	0.03242900371551513	0.14299266338348388	0.12535704771677653	0.28453442255655925	0.002163108189900716
0.005031673113505046	0.003533609708150228	0.005331873893737793	0.0312231699625651	0.16260689894358318	0.18544987042744954	0.3773369630177815	0.0028655290603637694
0.005765573183695475	0.004398830731709798	0.005932362874348959	0.0382714033126831	0.1476948579152425	0.14914124806722	0.30890804131825766	0.0024992783864339193
0.005624151229858398	0.00423272450764974	0.004932554562886556	0.027432584762573244	0.14933048089345294	0.12906941572825115	0.29366063276926674	0.002531846364339193
