Brier-Score
RF			END_DT			END_LR			END_NB			PC_DT			PC_LR			PC_NB			MLP
Base	Sigmoid	Isotonic	Base	Sigmoid	Isotonic	Base	Sigmoid	Isotonic	Base	Sigmoid	Isotonic	Base	Sigmoid	Isotonic	Base	Sigmoid	Isotonic	Base	Sigmoid	Isotonic	Base	Sigmoid	Isotonic
0.6635553009121132	0.6465175289448892	0.638616536736137	0.6305675705493157	0.6328293838642135	0.6262040016597656	0.6574848481519477	0.6571780137471679	0.646905735700437	0.8021307149377082	0.6991246731252123	0.6663041446350578	0.6247742737030991	0.6280262832477406	0.6246804314999821	0.6526706051221945	0.6522989578695795	0.6413985460926837	0.9004172255045791	0.6891021634482737	0.6619478039842411	0.7662563682042081	0.6883859317937698	0.6668816045321658
0.6879206932078172	0.6639382270688834	0.6526334968937701	0.6252541715003055	0.6258054458367217	0.6259389705003914	0.6569361375842313	0.654206318484324	0.644360613005313	0.8167558770212703	0.6960906918674017	0.6547243249196203	0.6246512471532467	0.6266717811472726	0.6248796520567481	0.6504212323868649	0.6466217028532285	0.6413906764385323	0.8761837090847601	0.6888719168942022	0.6632320040741222	0.7662881512815818	0.7588176400866101	0.6586186833850688
0.6606118013257705	0.6440657672114047	0.6408141486132806	0.6289471019457071	0.629811285301611	0.6251732954839525	0.6597806559816032	0.6567728625473813	0.6468797201920522	0.8118060437536654	0.700947890359805	0.6656944894993122	0.6297771815044988	0.6322873397796458	0.6268843139227136	0.6551734831568059	0.653186095396413	0.6422556904034914	0.8668906855687346	0.6892340284113471	0.662331758174719	0.7664799651334153	0.6716485774515807	0.6623175397401296
0.642354216007405	0.6260707741467926	0.6266525065962473	0.6282816835094998	0.6305935786006122	0.6285366302884687	0.6623450931724175	0.6578364167370945	0.6462984724654609	0.8167920263864104	0.7061773596120081	0.6692507679023942	0.6233684133561095	0.6270149336839683	0.6234442582275663	0.658689175473728	0.6537475138071229	0.6481602334727067	0.867450016672059	0.687787871146836	0.6650324618168413	0.7663014816879181	0.6712109911990528	0.653485209854631
0.7078578567438101	0.6788747232711789	0.6662728199938235	0.6206337297170711	0.6216069295162431	0.6160577080291639	0.6623807230110332	0.6566514280516076	0.6460562648595048	0.8210630788634193	0.7089317695465372	0.6664055511264867	0.616843629561875	0.618597814965916	0.6131179702003055	0.6505460393272549	0.6461853037015169	0.6368758885309299	0.8692605013466844	0.688116936293477	0.6548128115018246	0.7661385569158403	0.6679214647810988	0.6542982524902196
0.6822159663006213	0.6669313214945141	0.6506532863531059	0.6293505609496219	0.6299038076851761	0.6265889039886117	0.6601695804576122	0.6569843070261775	0.6470838615514575	0.8254138717832713	0.701988771387678	0.6640970114844673	0.6262629483976231	0.6270757752684383	0.6247015557817595	0.6550115224043983	0.6510201275871166	0.6429463150989128	0.8770988573242177	0.688027099764854	0.6603725871629494	0.7659273124925754	0.6691312277504177	0.6564315731836751
0.6949941943118609	0.6791668123548397	0.667440667469791	0.6413352164031721	0.6436094653729505	0.6394564493087462	0.6681823983447657	0.6656435705165871	0.6590924372550911	0.7979618691767869	0.6941533227373834	0.6571318751253508	0.6373890179810909	0.6401943806601911	0.6357745415750146	0.6632674354200555	0.6597797573352442	0.6545375879060462	0.8847586620306096	0.6926753244045025	0.6696287870884743	0.7662928161270993	0.6801267091732464	0.6667351013391728
0.6292656708195477	0.6120032735166517	0.6108585059427829	0.6307642872048493	0.6320727810863758	0.6292539326699329	0.6621392764697576	0.6600458610414058	0.6488162192438832	0.8447151934992972	0.7052584195404965	0.6651209329956015	0.6259571597635847	0.6296832436234255	0.6233533372818163	0.6572086894418089	0.6536651928661013	0.6451322000854266	0.8824475797307809	0.6869220243687022	0.653491779454584	0.7660503080071802	0.6731092911969193	0.6583153170553226
0.6422290389387483	0.6272039750949404	0.6246756675531447	0.6329690068570518	0.6374140964083257	0.6288305329600549	0.6597218009918626	0.656345088939278	0.6476966851127413	0.8256395029555941	0.7117029351929135	0.6745647609158345	0.6296449538209483	0.6327924631747429	0.6291870720410461	0.65296479155474	0.6489790342207551	0.6421454954644705	0.8747791202893924	0.6832763452868238	0.6586725339797431	0.7658473666188085	0.6715285700694271	0.6594204974791735
0.6025263021247801	0.5885279054974418	0.5870763848014817	0.6337881695976502	0.6371908130732649	0.631733729276539	0.6615779633561687	0.6578862765585415	0.6535925352816478	0.8065496627899629	0.6933209126581893	0.656079656620537	0.628014514483811	0.6309706127913737	0.6266614710546663	0.6563175024365059	0.651623748178642	0.6454729588578219	0.873243883615441	0.6842576692754943	0.6557595530635392	0.7659470838064923	0.6828797120973972	0.6703302366138907
0.689781044414685	0.6677402415736691	0.6586099541761029	0.6344163573497359	0.6381974146126829	0.6332463138774914	0.6613438439057439	0.6595759018917359	0.6497150341289714	0.8205493460712673	0.7013758201052734	0.6559733801943235	0.6255772527451905	0.628077693362044	0.6257008280240471	0.6580258374622362	0.6551277530849515	0.6448686214378211	0.9070710798407053	0.6963568842264208	0.6645983539436996	0.7649337342521685	0.6739988674347105	0.6569687016221765
0.7325653613130817	0.6789349986460205	0.6732128747004632	0.6196540479067971	0.6182398314769799	0.6136215513207993	0.6608193155590467	0.6545455109424093	0.6387661711128498	0.9228374486250104	0.7340689785355564	0.6811088653386964	0.6185297186338133	0.6206765511095326	0.6163841784512012	0.650007301202132	0.6445714078149564	0.6346292067467172	0.8789664999528208	0.6895192267608411	0.6519109232363658	0.7662773239219796	0.6683104093206326	0.6530906716174065
0.6419667851270088	0.631239060796296	0.628422491004421	0.6346379754336222	0.6363465368188858	0.6322037406453748	0.6655655706186908	0.6626705304001311	0.6555718122724029	0.8926167376236601	0.7317999951120018	0.6879735640751506	0.6322097321438065	0.6344645726146908	0.6304421848291548	0.6599845096351101	0.6579116054870263	0.654488142048279	0.8523918411525891	0.6893071364619453	0.6614362604343661	0.7655383822695604	0.6733391033927882	0.6653510820933753
0.61085810843461	0.5968061658213781	0.5953855013414386	0.6463106004985804	0.6463828504187731	0.6425520576375888	0.6665758244593115	0.6660612943605358	0.6555434940197465	0.8771910792793596	0.7257733113276702	0.6871704890491047	0.6389624968659429	0.6398634545862046	0.63606086219049	0.6592180721921894	0.6575519864867021	0.6505918780693939	0.906389666139893	0.6986097598377238	0.6756723064960464	0.7663402439222774	0.6847554643720126	0.6776344910222731
0.6646272951171632	0.6470426923288622	0.6417767286529039	0.6348008855794893	0.6381373202730941	0.6334064597356922	0.6566556804177333	0.6530271088232742	0.645488580384461	0.8104406771577869	0.6915080506202076	0.6550944104598493	0.6332340024336908	0.6349897111480793	0.6328745379005943	0.6537819456426193	0.6500984133349443	0.6434265017744845	0.8704293184640068	0.6866189707703546	0.6575072087239937	0.7653515012487863	0.6699453323773458	0.6586468204707143
0.6500854514283139	0.6352458424010928	0.6328857533542741	0.6278535339932898	0.6292791235129479	0.6248011016262094	0.656000929329222	0.6548446793357696	0.6484992531987966	0.8577608799018733	0.7080984447266394	0.6695187783822053	0.6316814729740032	0.6338844961682655	0.627194294758162	0.6513890620238934	0.6488597835997738	0.6458246306728692	0.8924601273356375	0.6938840015614984	0.6627488832323694	0.7662716951314118	0.6747661773656582	0.6611902176204015
0.671049813254579	0.6539631800514047	0.6454111672808908	0.6355102472239794	0.6375032128827403	0.6340167681486955	0.66522296144856	0.6624374838481625	0.652160642254153	0.8773805913033449	0.7270987357457059	0.6849555056173121	0.638829341066228	0.6413982427755679	0.6353519161312782	0.657338893513564	0.6526703753294704	0.6455739183060698	0.8705333335260202	0.6958061615602782	0.6679987912587804	0.7662382576245338	0.6772532570811594	0.6640819599075122
0.6409256456777139	0.6260986796047894	0.6238265626763995	0.6316833391815406	0.6350547229732553	0.628628248923931	0.6656405886309322	0.6631779275150289	0.6528229935932253	0.8591244489609061	0.7022270718516946	0.6622405231386204	0.6351067910052866	0.6373632036888718	0.6302419438711822	0.6576046855629849	0.6562380172869335	0.6474829434023868	0.9274105346023025	0.6976889856710661	0.6672280287403889	0.7660686479760433	0.6861910079796238	0.6678248800573002
0.6461783233362849	0.6327022161029954	0.6307477601114	0.6376391357616079	0.640364950640406	0.6383516634392	0.662536008048691	0.6630028955511119	0.6554708347975903	0.8728228645251179	0.7233664881388993	0.6874732906489863	0.6404278126801797	0.6429126639598503	0.6387261652152705	0.6582229212023232	0.6577332452362623	0.6531808912751141	0.9062232631456665	0.6955779249706717	0.6698541775735186	0.7654645312759204	0.678619985115839	0.660020688998333
0.6243331368202607	0.6066128739901493	0.6042801560544674	0.6233587754335669	0.622163539000655	0.6189314193063239	0.6717619240543818	0.6669307143367974	0.6529875538631196	0.8420057794102003	0.6988829168277482	0.6614371956216251	0.6205590278783506	0.6204839446267804	0.6161619332630549	0.6590333416121426	0.6551610768673073	0.6483552065439508	0.8952338977926559	0.6913073442951906	0.6627808582726044	0.7662555735253697	0.6875067295714125	0.6612841644236744
ECE-Score
RF			END_DT			END_LR			END_NB			PC_DT			PC_LR			PC_NB			MLP
Base	Sigmoid	Isotonic	Base	Sigmoid	Isotonic	Base	Sigmoid	Isotonic	Base	Sigmoid	Isotonic	Base	Sigmoid	Isotonic	Base	Sigmoid	Isotonic	Base	Sigmoid	Isotonic	Base	Sigmoid	Isotonic
0.04785496992394369	0.019432900436171994	0.052428402891140376	0.03250016148512108	0.03559417542768835	0.020512120560393428	0.10051895810337022	0.0557977975898868	0.03748581037889884	0.11043603095267747	0.06780498214312869	0.03440644967050102	0.014197348210068919	0.023784908793922147	0.014411851874986328	0.06085122713579712	0.05430343040961541	0.035141774040786986	0.19624241364271416	0.07370635046971973	0.054236449409074884	0.0022844829635698186	0.04958959963956231	0.03705621586204958
0.06501110205005331	0.02344811538432454	0.021630189870286264	0.026367468939360164	0.023478839938292455	0.01676026306435414	0.07538140894689492	0.03543516463793689	0.05155183797497641	0.19413779234170048	0.059735041954248946	0.0834118963488647	0.015117888083422642	0.01808216105106078	0.03050293256878719	0.06976982464591452	0.04042450605372202	0.034152714361149104	0.17792571845090946	0.05310882697571576	0.04181742925331594	0.0020799575237942097	0.09081164230283871	0.042745145857767265
0.04950172011664664	0.037211961991164326	0.02784743437787824	0.02829984864867952	0.030942780413922608	0.017214666535969883	0.05455784485237428	0.02771710443254051	0.05695671625685959	0.0990529474202334	0.04406871664512465	0.03303637748259442	0.022591365589569142	0.02282435068796531	0.03257797637172079	0.05766065700349175	0.03613048758375088	0.028428692930770327	0.17883149490284464	0.07704880293099062	0.0322488408581049	0.0048151633990512754	0.03697623024046167	0.027150741095094452
0.04647185428465932	0.025908037954254084	0.021643181759623233	0.011035893626630659	0.016650187760099005	0.02182923659929982	0.1119792262486224	0.08265233621263765	0.0945554194023378	0.10581906683967118	0.04489756169308107	0.04933867300549992	0.03181520610439094	0.023981762791491352	0.03194362443039515	0.13708352508323873	0.08866000467560686	0.11398759370760178	0.20947354723806183	0.07730015582611263	0.07146533073188402	0.00477958719219982	0.06545294485787767	0.020009897393177312
0.06978938211420047	0.017838400660415043	0.01543686673546516	0.025529639392837717	0.030866717745662183	0.020749026263404226	0.04281514068994049	0.04337717685675059	0.017987949074053787	0.10247634825620033	0.03276273360234107	0.037314155251113895	0.025466431842696993	0.028601956419036786	0.03013211638522215	0.03873433265641947	0.04414688580829676	0.046329127275879275	0.1870400627873054	0.043785233482105904	0.03141776117806804	0.00453790664659733	0.10610350541807241	0.036127765703711796
0.04383516473642777	0.02418786430189886	0.013635183069538084	0.022481963581785936	0.02763273250837256	0.025819680734889196	0.051414601719217544	0.03267162228955721	0.11315164057792507	0.13490886132481789	0.05813984889721008	0.043300942749009655	0.016890563707238054	0.02273732006314263	0.024339538721469822	0.04976790455899115	0.04670215293552697	0.016585571257840173	0.17271951331482605	0.06181543499260214	0.03248439789450874	0.00048138040667055487	0.054776767231004886	0.03538742899948679
0.05255439082828501	0.015238367876517587	0.015029230163323271	0.019579562725721516	0.018071537478720374	0.026032233684598408	0.13608783869638363	0.09775091939842312	0.12884580532408102	0.1273308598051999	0.058272853956399875	0.0414167085701616	0.014516666948587085	0.015573609763320527	0.012564966407037147	0.1286515753389162	0.10878502191940377	0.09056496602691959	0.19837577514037558	0.047621746348128144	0.04158421271239785	0.0007546945438610189	0.056481642163118316	0.03985118211788091
0.04798809808302766	0.019284188425917118	0.015438365385418517	0.02532170026736254	0.014010869739415139	0.018414610141953794	0.10992903394853837	0.07593837181401754	0.058206251524015165	0.16885098913473906	0.04188952607624116	0.07553983375582382	0.02187531354813025	0.02422167235040154	0.051693188816290016	0.08340219265469474	0.0536826344181987	0.06449780358790243	0.18685558543757308	0.05736967961349105	0.034925937265642165	0.12032946463308021	0.07163124846689319	0.03745847146114989
0.052617730860369506	0.02755604028459203	0.031135835275028154	0.03413217384193011	0.024155255139631595	0.02248695008819399	0.10134138270200799	0.07642726985787729	0.0311438168927616	0.11998995226359463	0.06450033686406756	0.041801758917672405	0.030440059079967337	0.02694609274761711	0.040771396546644176	0.0557091743504482	0.031023761046878342	0.06520905485517522	0.17122314844902858	0.07626605362164404	0.02968348750414577	0.001124102636574545	0.043444297774919614	0.040622884437094484
0.06232071811966751	0.02811880191418642	0.01889589084165231	0.029887180105399758	0.021280868235271207	0.019746764388627203	0.12012078408414142	0.07339694118815154	0.10668410855528718	0.11753029283460201	0.054224852017952484	0.03855749272147788	0.06305179627924837	0.014365791984522359	0.018693499067033957	0.0660976717003251	0.04470717674792949	0.08864616400061617	0.18368064692305497	0.07718419097096002	0.025022806607677268	0.001815599743696647	0.04088062928532495	0.047077586764771834
0.07550893346458316	0.03077264977463162	0.03351012162999896	0.03598335908550386	0.033891655889092875	0.03468870855306086	0.06668967452861907	0.05606786490467002	0.021151240317131545	0.1406336581385606	0.0426876234259589	0.049785422065669674	0.01732259434259967	0.030458917727344093	0.03492743116135983	0.06348013841702566	0.061156096762310326	0.022756125250487248	0.2131803809592788	0.07387923983278759	0.037732083855143754	0.06125717784059505	0.02711153595425106	0.05346706555648785
0.061657314313673495	0.03931185286597503	0.017739084694921425	0.03792788600504152	0.02688658392372168	0.03081494229401295	0.17070388257910324	0.12928915037001376	0.09342987001772642	0.24613740789238364	0.05664280573032232	0.13226552319915916	0.03800776278751696	0.014917056299304541	0.02589179226378986	0.13730844504129291	0.03937122540925869	0.05710420687773426	0.19528833042440477	0.02661239136635254	0.025161639174093132	0.001676152145971374	0.04065675860419319	0.036873791214875135
0.05345166075341027	0.03323525016335939	0.013932442949206088	0.041998686600784554	0.024370057117641848	0.030089405142596663	0.07901093040013543	0.0361513003389238	0.039941413302330434	0.15170701401242528	0.021999835420369426	0.059638632079831	0.027237046225307347	0.017977593203754163	0.020735772249779925	0.05447229731856219	0.0357555537138823	0.02280317660979843	0.15521806851277783	0.053454630713072215	0.021479592134788873	0.0003297210939072412	0.01776501855194913	0.020610894812954098
0.06442602091919274	0.03507531655752343	0.017310263735485602	0.017466010637395415	0.006973708823572083	0.016132778844708713	0.048440839728845095	0.0340376741980154	0.028654657766848255	0.2151271700278083	0.03241432894465598	0.0355976695576716	0.019570945956917548	0.019849340941656787	0.022401758406407964	0.03975279858249731	0.0619113702782991	0.016046924844165287	0.22981420995493007	0.04680008818943006	0.05071006998169577	0.0033586445601610504	0.02114917368582302	0.04079301472703446
0.052777247679172135	0.021435128920254207	0.019831318066055613	0.020186899771974784	0.010638636120493157	0.01376610689327377	0.06957122985385122	0.06949286296415004	0.03473389419524757	0.11986632181690698	0.06875748286343827	0.029518846470577172	0.10934713357775698	0.008244689242078353	0.022109513272973322	0.0979633811927883	0.06370013431026159	0.0730414140404674	0.15492375446075615	0.06629527839039337	0.026417784821238736	0.002361988134231973	0.10744245227121456	0.04391060846444572
0.04683485171714631	0.04029262574665282	0.023063972133608543	0.020408630360533635	0.013132942510367382	0.016211303959734677	0.04494934860590181	0.04028897163112499	0.048784009124057115	0.20072825057715077	0.02592635756912532	0.04354575592726462	0.02076737788718311	0.01617082723721995	0.015958749884097897	0.04116328598207378	0.039465830727653535	0.029671977555298306	0.19560823789630558	0.07447153712849533	0.04293111435671376	0.002552737512935027	0.08208053882378981	0.024780410566070006
0.0478264883227067	0.012606380094912792	0.025208808757308507	0.012153134537308149	0.037612881265558826	0.02506139623129707	0.1358670452474501	0.07944679993327254	0.05443892310592695	0.19180721326239775	0.019144000395846208	0.058806968052173184	0.03866274106630065	0.03145409829159216	0.0397871063556648	0.0649959037748843	0.07016750580770645	0.03204209854033818	0.17217668039620032	0.044655268869479105	0.02606366126290498	0.0025983342362194913	0.02049623250888785	0.035029425957637826
0.048649086927038676	0.02627840267728171	0.012654882902841204	0.017524502792728953	0.030606840322242156	0.02302574001918697	0.06258361384223234	0.04314009167516671	0.033804215643910965	0.17997726511486892	0.05827632455219563	0.031451046737825256	0.03305317350129267	0.03164080994780621	0.024972429616786855	0.060405125741496875	0.053155113539562364	0.034896658958201106	0.21688951098715017	0.05002355078095083	0.0389709433433731	0.0013697481575275193	0.03967705399465994	0.01989437723446448
0.048891067690310805	0.026341735376552364	0.021303458302211475	0.01425544408878758	0.015009259041116135	0.02406281808506237	0.09624123254579818	0.09209186080390104	0.041074402755125305	0.13214806702737075	0.018069867201937106	0.03288341657317782	0.02341756195183416	0.028292619243491413	0.024929483853707225	0.09063321818006714	0.07219043081310655	0.07625168665506558	0.2004563218104381	0.070525444404981	0.030487728619738242	0.02231398624911807	0.11615988277413064	0.03665924549225496
0.051685435775017004	0.032544278788126005	0.021280100900916168	0.020608345593424504	0.01812464418969011	0.01227794877753818	0.11852507770761807	0.06745989759651684	0.07725954711931618	0.1759654633450475	0.027875434364163048	0.015004565938032713	0.036478739429796264	0.036026467248213165	0.020496505404137125	0.056096774048356904	0.06907383514495644	0.02032391740284888	0.2059260501915226	0.04034189360725359	0.039021107636435313	0.0020884221295859643	0.07806461733084165	0.028946866706761457
Hyperparameter
RF	END_DT	END_LR	END_NB	PC_DT	PC_LR	PC_NB	MLP
{'min_impurity_decrease': 0.006820628846711264, 'min_samples_leaf': 28}	{'max_depth': 3}	{'C': 13.100274765301771, 'penalty': 'l1'}	{'var_smoothing': 0.973649118052793}	{'max_depth': 3}	{'C': 16.468854574303556, 'penalty': 'l1'}	{'var_smoothing': 0.9717542629726859}	{'alpha': 2.1347273935579394, 'batch_size': 200, 'power_t': 2.5329555151549896}
{'min_impurity_decrease': 0.017927188556402164, 'min_samples_leaf': 12}	{'max_depth': 3}	{'C': 19.04054391058243, 'penalty': 'l1'}	{'var_smoothing': 0.9273012958136265}	{'max_depth': 3}	{'C': 14.034242819548927, 'penalty': 'l1'}	{'var_smoothing': 0.990037717827819}	{'alpha': 8.656075620454937, 'batch_size': 500, 'power_t': 2.5686245961657233}
{'min_impurity_decrease': 0.00618002142962545, 'min_samples_leaf': 37}	{'max_depth': 3}	{'C': 18.87025799915334, 'penalty': 'l1'}	{'var_smoothing': 0.9034822145192744}	{'max_depth': 3}	{'C': 19.257919804207834, 'penalty': 'l1'}	{'var_smoothing': 0.8976572265432696}	{'alpha': 1.9586383849144975, 'batch_size': 500, 'power_t': 3.8548211882939687}
{'min_impurity_decrease': 0.00337332620613794, 'min_samples_leaf': 11}	{'max_depth': 3}	{'C': 17.37765519502388, 'penalty': 'l1'}	{'var_smoothing': 0.9039504112255635}	{'max_depth': 3}	{'C': 8.497901372529222, 'penalty': 'l1'}	{'var_smoothing': 0.9964346829007859}	{'alpha': 0.9246038803872217, 'batch_size': 500, 'power_t': 1.2466209140083528}
{'min_impurity_decrease': 0.027780322917214974, 'min_samples_leaf': 41}	{'max_depth': 3}	{'C': 3.206529833413699, 'penalty': 'l1'}	{'var_smoothing': 0.9564737354866564}	{'max_depth': 3}	{'C': 15.725910742725505, 'penalty': 'l1'}	{'var_smoothing': 0.9294235947326488}	{'alpha': 0.3764100265389239, 'batch_size': 200, 'power_t': 3.5352483860196298}
{'min_impurity_decrease': 0.015214402256798567, 'min_samples_leaf': 7}	{'max_depth': 3}	{'C': 12.879503875844756, 'penalty': 'l1'}	{'var_smoothing': 0.567489979564939}	{'max_depth': 3}	{'C': 16.893425080842906, 'penalty': 'l1'}	{'var_smoothing': 0.8949921407656779}	{'alpha': 0.4786411707008345, 'batch_size': 300, 'power_t': 3.9488976185634352}
{'min_impurity_decrease': 0.020079864725716313, 'min_samples_leaf': 26}	{'max_depth': 3}	{'C': 19.911297253008552, 'penalty': 'l1'}	{'var_smoothing': 0.8836602645774937}	{'max_depth': 3}	{'C': 19.463600580670295, 'penalty': 'l1'}	{'var_smoothing': 0.9460886878557239}	{'alpha': 0.5645893032942654, 'batch_size': 500, 'power_t': 2.21423536679896}
{'min_impurity_decrease': 0.002241506671286732, 'min_samples_leaf': 16}	{'max_depth': 3}	{'C': 18.624120312990936, 'penalty': 'l1'}	{'var_smoothing': 0.9695770091838124}	{'max_depth': 3}	{'C': 16.571246501653587, 'penalty': 'l1'}	{'var_smoothing': 0.7322435157360165}	{'alpha': 0.508820394989428, 'batch_size': 300, 'power_t': 1.16416451641431}
{'min_impurity_decrease': 0.0034431080022059427, 'min_samples_leaf': 10}	{'max_depth': 3}	{'C': 17.56841612364752, 'penalty': 'l1'}	{'var_smoothing': 0.9948835734268846}	{'max_depth': 3}	{'C': 16.12942225643822, 'penalty': 'l1'}	{'var_smoothing': 0.9693154448324077}	{'alpha': 0.275446412189653, 'batch_size': 300, 'power_t': 3.5076951033319106}
{'min_impurity_decrease': 0.0012177623508806035, 'min_samples_leaf': 36}	{'max_depth': 3}	{'C': 13.961093179033922, 'penalty': 'l1'}	{'var_smoothing': 0.9835880736074251}	{'max_depth': 3}	{'C': 14.944370276303404, 'penalty': 'l1'}	{'var_smoothing': 0.9928723635015974}	{'alpha': 0.5293896845298843, 'batch_size': 300, 'power_t': 1.8348245778203371}
{'min_impurity_decrease': 0.02117232049009428, 'min_samples_leaf': 22}	{'max_depth': 3}	{'C': 18.10088634744243, 'penalty': 'l1'}	{'var_smoothing': 0.9903175261239662}	{'max_depth': 3}	{'C': 17.47441422497616, 'penalty': 'l1'}	{'var_smoothing': 0.959487200488637}	{'alpha': 0.09318519509180417, 'batch_size': 300, 'power_t': 4.7659125727093565}
{'min_impurity_decrease': 0.04231217490557525, 'min_samples_leaf': 31}	{'max_depth': 3}	{'C': 18.449161424863274, 'penalty': 'l1'}	{'var_smoothing': 0.7622243838906125}	{'max_depth': 3}	{'C': 10.646846784484694, 'penalty': 'l1'}	{'var_smoothing': 0.5823013935626237}	{'alpha': 4.3729991066003375, 'batch_size': 500, 'power_t': 4.116079991252788}
{'min_impurity_decrease': 0.003355790654322123, 'min_samples_leaf': 13}	{'max_depth': 3}	{'C': 17.647439748189996, 'penalty': 'l1'}	{'var_smoothing': 0.9536836962044906}	{'max_depth': 3}	{'C': 18.495328765006125, 'penalty': 'l1'}	{'var_smoothing': 0.9394977219648949}	{'alpha': 0.1884352436666284, 'batch_size': 300, 'power_t': 1.0250537414043126}
{'min_impurity_decrease': 0.001026008354243092, 'min_samples_leaf': 46}	{'max_depth': 3}	{'C': 11.429014432915533, 'penalty': 'l1'}	{'var_smoothing': 0.8948804505368295}	{'max_depth': 3}	{'C': 14.476352829011573, 'penalty': 'l1'}	{'var_smoothing': 0.949532313875666}	{'alpha': 1.6028847690310213, 'batch_size': 500, 'power_t': 3.1079487632892415}
{'min_impurity_decrease': 0.008789271803562539, 'min_samples_leaf': 39}	{'max_depth': 3}	{'C': 17.107407537446694, 'penalty': 'l1'}	{'var_smoothing': 0.9941476871944933}	{'max_depth': 3}	{'C': 15.988127087253753, 'penalty': 'l1'}	{'var_smoothing': 0.9867638957209982}	{'alpha': 0.25868760272948405, 'batch_size': 400, 'power_t': 0.13043722871098462}
{'min_impurity_decrease': 0.0042558382956920165, 'min_samples_leaf': 2}	{'max_depth': 3}	{'C': 19.51274992653046, 'penalty': 'l1'}	{'var_smoothing': 0.9782456318786913}	{'max_depth': 3}	{'C': 13.293125164263566, 'penalty': 'l1'}	{'var_smoothing': 0.9281780037763482}	{'alpha': 1.2009833072902867, 'batch_size': 500, 'power_t': 4.753123771323759}
{'min_impurity_decrease': 0.008997433925436728, 'min_samples_leaf': 23}	{'max_depth': 3}	{'C': 16.899496940153195, 'penalty': 'l1'}	{'var_smoothing': 0.8755819298410642}	{'max_depth': 3}	{'C': 16.946083495701668, 'penalty': 'l1'}	{'var_smoothing': 0.9960534334205473}	{'alpha': 1.4019351785817227, 'batch_size': 300, 'power_t': 1.639598766005811}
{'min_impurity_decrease': 0.003273836979912349, 'min_samples_leaf': 13}	{'max_depth': 3}	{'C': 8.172203383291528, 'penalty': 'l1'}	{'var_smoothing': 0.8143698773276657}	{'max_depth': 3}	{'C': 17.27950382702034, 'penalty': 'l1'}	{'var_smoothing': 0.948120465636748}	{'alpha': 0.7035193704675927, 'batch_size': 300, 'power_t': 0.5511967093826471}
{'min_impurity_decrease': 0.003292550570293419, 'min_samples_leaf': 30}	{'max_depth': 3}	{'C': 16.900043973340427, 'penalty': 'l1'}	{'var_smoothing': 0.6898766396695342}	{'max_depth': 3}	{'C': 14.397268849046107, 'penalty': 'l1'}	{'var_smoothing': 0.99365908184901}	{'alpha': 0.1317397105851495, 'batch_size': 300, 'power_t': 0.3180015752545319}
{'min_impurity_decrease': 0.002256973311864986, 'min_samples_leaf': 8}	{'max_depth': 3}	{'C': 15.194314193914012, 'penalty': 'l1'}	{'var_smoothing': 0.9287440144242988}	{'max_depth': 3}	{'C': 6.318062120897597, 'penalty': 'l1'}	{'var_smoothing': 0.9365730042321221}	{'alpha': 4.571188437608773, 'batch_size': 500, 'power_t': 0.4119200389438783}
Mean Fit Time
RF	END_DT	END_LR	END_NB	PC_DT	PC_LR	PC_NB	MLP
0.14206554889678955	0.5489235798517862	0.4427215099334717	0.21317636966705322	0.12501027584075927	0.06087548732757568	0.023261435826619464	1.1512519041697185
0.14203995863596597	0.8342391649881998	0.5030021667480469	0.24202027320861816	0.08721074263254801	0.05761352380116781	0.023058931032816567	1.1684996366500855
0.15368347962697346	0.6799746592839558	0.47780790328979494	0.27707742849985756	0.0981861670811971	0.062359587351481116	0.024793736139933267	1.1021486997604368
0.15761548678080242	0.6959849198659261	0.4994580825169881	0.25425562063852947	0.1340550263722738	0.0651631514231364	0.023644757270812986	1.0019362290700278
0.13442425727844237	0.7207064231236775	0.515088661511739	0.2514820496241252	0.116409166653951	0.06114765008290609	0.022725184758504234	1.064920687675476
0.1348342736562093	0.7053212245305379	0.4509983142217	0.23566878636678062	0.09593761761983235	0.05944778919219971	0.023458464940388994	0.885931396484375
0.14302637577056884	0.7236667076746623	0.4652155637741089	0.25338412920633957	0.1014170487721761	0.07101902961730958	0.0243608554204305	0.8801230669021607
0.18385290304819743	0.5891002813975016	0.4055446942647299	0.234521222114563	0.11385496457417806	0.061355606714884436	0.023864372571309408	0.7841310342152913
0.15569748878479	0.5125065247217815	0.42468340396881105	0.21564416885375975	0.0943864107131958	0.06129105885823568	0.0207171360651652	0.7371897617975871
0.13862059911092123	0.7104204098383586	0.4807808001836141	0.25266103744506835	0.11766014099121094	0.07082617282867432	0.025959539413452148	1.0507933457692464
0.13927297592163085	0.5750436703364054	0.54457422097524	0.28723251024881996	0.10790068308512371	0.07102718353271484	0.024192047119140626	1.0473968426386515
0.1324082136154175	0.761859409014384	0.5026378552118936	0.2760447978973388	0.11612405776977539	0.060682940483093264	0.023659698168436688	1.181646498044332
0.15947120189666747	0.6698540846506754	0.5307538588841757	0.2510376294453939	0.1132721503575643	0.06172386010487875	0.024982182184855144	1.0373808463414511
0.1676788647969564	0.5623296181360881	0.46975947221120196	0.2496871550877889	0.12222689787546795	0.06709309418996175	0.023833703994750977	1.0377973715464273
0.1450542211532593	0.5931629180908203	0.4778291543324788	0.25507319768269854	0.1160060962041219	0.06976413726806642	0.025424869855244957	1.1370876550674438
0.1362796227137248	0.6164640585581461	0.4673677523930868	0.24409147103627524	0.11026360988616943	0.054941836992899576	0.026455481847127277	1.0172811587651571
0.13571359316507975	0.7094483296076456	0.5923672119776409	0.2906574010848999	0.1088960568110148	0.08354502518971761	0.02570799191792806	1.2436127662658691
0.17322713534037273	0.6101541916529338	0.44862371285756425	0.21436831156412758	0.09726932843526205	0.07288355827331541	0.027593374252319336	1.1524276415506998
0.16790426572163902	0.6957741896311442	0.5317980368932088	0.2577485958735148	0.13476084073384603	0.06892689863840738	0.02635758717854818	1.015263525644938
0.18280866940816243	0.6825352827707927	0.5274845282236735	0.24975298245747882	0.1285573403040568	0.06241278648376465	0.022925170262654622	1.1661608219146729
Mean Score Time
RF	END_DT	END_LR	END_NB	PC_DT	PC_LR	PC_NB	MLP
0.010581056276957195	0.008664083480834962	0.008797041575113932	0.031496095657348636	1.2328157107035318	1.2759086370468138	3.221399823824565	0.0037366151809692383
0.01159654458363851	0.008796501159667968	0.009308417638142902	0.03468928337097167	1.2489502429962158	1.252412700653076	3.408266488711039	0.003965449333190918
0.01246306896209717	0.009930046399434407	0.010429596900939942	0.04081969261169434	1.4241854985555014	1.4096553564071654	3.411974589029948	0.003931752840677897
0.012464213371276855	0.010398872693379722	0.010896817843119303	0.038091548283894855	1.4297658284505208	1.4528414726257322	3.299722170829773	0.003965107599894206
0.011763167381286622	0.00923136075337728	0.010996087392171224	0.03655322392781575	1.3801969369252522	1.3618711868921916	3.261362075805664	0.003741836547851562
0.011229626337687173	0.01007390817006429	0.010032534599304201	0.037063344319661455	1.4128324667612713	1.406247615814209	3.3088763554890948	0.004498823483784994
0.011879261334737141	0.010163338979085286	0.01086271603902181	0.04116130669911702	1.4409221331278483	1.4552977800369262	3.559564026196797	0.0036652803421020506
0.012462536493937174	0.009363770484924316	0.00899625619252523	0.03384661674499512	1.2341086705525715	1.2692166566848757	3.3720585823059084	0.003366390864054362
0.011022782325744631	0.008597310384114584	0.009144298235575356	0.0317547877629598	1.2563188234965008	1.251733350753784	2.93018749554952	0.0037962754567464193
0.010840233167012533	0.009264302253723145	0.010700384775797527	0.03672317663828532	1.4478735367457072	1.464012654622396	3.4387286583582566	0.0045318126678466795
0.011762706438700357	0.011176355679829915	0.012730185190836591	0.04500397046407063	1.4777001857757568	1.4763404687245687	3.4012451251347855	0.004198344548543295
0.012199099858601887	0.009763677914937336	0.011629581451416016	0.04208555221557617	1.3870718955993653	1.4140559514363606	3.3286430676778154	0.003765018781026205
0.011567139625549316	0.009132035573323568	0.010829687118530273	0.038158289591471356	1.7275083859761557	1.4950624465942384	3.4977383454640707	0.00416571299235026
0.012595788637797038	0.009396870930989584	0.010029983520507813	0.038653365770975744	1.4228362798690797	1.4231713453928632	3.349775218963623	0.0037099838256835936
0.011626394589742026	0.009875973065694172	0.009744040171305337	0.037353491783142095	1.397432279586792	1.4270393292109171	3.330024687449138	0.004745642344156901
0.010729773839314779	0.01089340845743815	0.009929823875427245	0.03895399570465088	1.377513567606608	1.2782310406366986	3.6467890103658043	0.004032039642333985
0.01116340160369873	0.00966657797495524	0.013564276695251464	0.04460244178771973	1.4666895707448324	1.6994827032089233	3.7110077857971193	0.004231945673624674
0.01232923666636149	0.010696713129679361	0.011847011248270669	0.033621199925740565	1.3841271877288819	1.600768740971883	3.5818474769592283	0.004230872790018718
0.012532329559326172	0.009782290458679198	0.010695918401082357	0.03969240188598632	1.4860435565312704	1.510061264038086	3.6232700268427536	0.004731496175130209
0.013529125849405924	0.010663509368896483	0.010297155380249022	0.0398155132929484	1.5328062216440839	1.5122070868810018	3.225027759869893	0.004399013519287109
