Brier-Score
RF			END_DT			END_LR			END_NB			PC_DT			PC_LR			PC_NB			MLP
Base	Sigmoid	Isotonic	Base	Sigmoid	Isotonic	Base	Sigmoid	Isotonic	Base	Sigmoid	Isotonic	Base	Sigmoid	Isotonic	Base	Sigmoid	Isotonic	Base	Sigmoid	Isotonic	Base	Sigmoid	Isotonic
0.7095073617797227	0.6242072667790545	0.5952020868208618	0.6827938327880142	0.6688646806144374	0.6458725559069057	0.7503205215511878	0.7565785313345491	0.7323179960485989	0.8044692683539403	0.7916972685537925	0.772993405367868	0.6214641768339789	0.6125963074753206	0.5863481945940198	0.6517247284013297	0.6685302343651283	0.6360099041108088	0.8001535085412183	0.7872465391879299	0.7691838454263452	0.6054930282524714	0.5667811964312277	0.5489972094707037
0.8483558173873494	0.7839417621954042	0.7614840555221818	0.655510516023308	0.624779803182301	0.6043473968815882	0.735057427441127	0.736688911266414	0.7162318250376968	0.7982874842221097	0.7859673104356106	0.7639689725416134	0.6248171296087345	0.615202650498563	0.5907747710180377	0.6449455826709773	0.6592569423618493	0.6272858356518294	0.7848867556400595	0.7759517495616334	0.7585271490952887	0.6322258667666071	0.5889995898368497	0.5668638739397821
0.6930783952211469	0.6083016752816084	0.58423490065935	0.6621361315761993	0.6299751857059714	0.6079322930424852	0.7358259571873623	0.7471714855331517	0.7168120913272854	0.803271622987159	0.7906023126588397	0.7671866134523279	0.6225806850514818	0.6334942709337912	0.6015800885456412	0.6532518109971519	0.671218686891005	0.6433589685234224	0.796427706856998	0.7842276745604511	0.7665041612718246	0.5435005653146329	0.525373475757486	0.5072074799198938
0.6028872661288256	0.54447286717892	0.5310707887177107	0.6666044968675632	0.6377877209083053	0.6168830084766649	0.7420894550992083	0.7450619077548112	0.7255700045764768	0.8058828083977215	0.7942178816417748	0.780032524483661	0.6141133575132687	0.6161668558280533	0.5922930603209104	0.6538101942013934	0.6683277775280346	0.6419137310808561	0.7996347752662292	0.7874715258051358	0.7722511585046838	0.575423018084384	0.5538834542342227	0.5389500415289731
0.8829094159912504	0.8652054920788653	0.8651923168512001	0.6610716516458174	0.634777316961186	0.6144235055732584	0.7299106061114186	0.7400655735970709	0.7138800499274197	0.8054695471890887	0.7944671189117057	0.7776156010795702	0.6090756495376441	0.6112530947494941	0.5829522795867059	0.6506589512997516	0.6673133581592705	0.6364767604162797	0.7973548914244841	0.7856790039110687	0.7672347774544652	0.5207142578666003	0.5119773356954779	0.4940909710824111
0.8318605342902522	0.7635274069101161	0.7254358246993418	0.654968397682416	0.6185290943983119	0.5968365140132371	0.7346922989047974	0.7462574382405963	0.7164021963852741	0.80362784074258	0.7949651985969687	0.7771832698599135	0.6112185599090102	0.5999687669073797	0.5679627875285056	0.657287074542999	0.6777842725078647	0.6449592206049778	0.7962992480335926	0.7886715936379957	0.7721689802677129	0.5571037396272841	0.5468964499577676	0.5279734331268112
0.8677456548416325	0.8090396646170489	0.7839853011903152	0.6659983541798528	0.631272575827776	0.6120833853998169	0.7287748951536179	0.7400149312722009	0.7117712468214451	0.804886583720445	0.7907711543354022	0.7715201249182945	0.631053937870022	0.625146911777933	0.5985963924752133	0.6546800536647829	0.6731409273916694	0.6411623047508701	0.8106586971568248	0.7919986637939074	0.7718098216739724	0.5355031042057911	0.5285681739014678	0.5097934815148527
0.5724356588663498	0.5121223804781811	0.5039386350071916	0.6526948040187943	0.616351568595459	0.5974449272080466	0.7419987938963294	0.7470863312964724	0.723107011000153	0.8125889038854758	0.798309229227051	0.7764801105122027	0.6033721583493175	0.5936661048457901	0.5682192661454475	0.6470991847092403	0.6649676816795626	0.6380276001655366	0.7993860865782921	0.7891853860079842	0.7733812301360564	0.5356370351705857	0.5237491815434856	0.5026456885239398
0.6208636920228133	0.5495016161884322	0.538978385573341	0.6633136559909841	0.6352450657367863	0.6116359427952252	0.7321077084912233	0.7400660583205041	0.7210981084151269	0.8114739609753074	0.8029316606966236	0.7856495217911356	0.6290684104409568	0.6198244367565484	0.5928290807756249	0.6588090630511816	0.6798056131890534	0.645798245800733	0.8119506121523656	0.8008176961354301	0.7824879077056481	0.5330647100772509	0.5305183470791178	0.513716871137686
0.5598319658764492	0.5031180609207985	0.49610745841584014	0.6814217405890802	0.6708625949655972	0.6460811969567886	0.7455434118479738	0.7538504357860192	0.732672616363087	0.8102855252816749	0.7995753786543714	0.7864265064570836	0.6218455526358272	0.6219142345232568	0.5890240567599034	0.6641386143517479	0.6850741360436146	0.6496142845861335	0.8050418845189723	0.7952069174670292	0.7814468147255037	0.5589696303285505	0.5480245572230921	0.5240959336895132
0.8667583047460755	0.8261720700525423	0.819359746344384	0.6624143955161533	0.6293450787046156	0.6105929197334888	0.7250050958002151	0.729660352779403	0.7149658158313964	0.8060995118591957	0.7979875787043437	0.7749462475581017	0.6221266902454863	0.6315834299214057	0.5959335445234527	0.6452363934676231	0.6593865422930086	0.6347969358496475	0.8014782237941062	0.7935428511237721	0.7746603169958467	0.5148497489612526	0.5154032064949912	0.4944242244259277
0.8950481666271685	0.895043498296834	0.8950434999560215	0.6540768745930943	0.6314048268195351	0.6018827548865384	0.7324047077194071	0.7371703499582574	0.7080084692427674	0.7963476620782638	0.7867605638302997	0.7703948345988748	0.6182819166280867	0.6092854325916924	0.5885964482149301	0.6379026948538169	0.6527956689886015	0.6263344706540416	0.7882032864336505	0.7803696920326653	0.7621628031322044	0.5972929454875757	0.5631728443502825	0.5457442284912595
0.6004669710109276	0.5259834885627417	0.509321416401573	0.6773967121624602	0.6479432440144925	0.6254508094700147	0.7435715246354506	0.7548677587504014	0.7255797953581518	0.8119392805063846	0.8012405636607539	0.7855404094986825	0.6209403516526959	0.622541718643791	0.5936787172341804	0.6555110844448239	0.6703413744075433	0.6392367598901794	0.8068907183391949	0.7935576430955353	0.7767309478608457	0.5341381439048672	0.5281215494676949	0.5104959607104438
0.5789714164868068	0.5100056617652223	0.5017456657235003	0.6594672799102942	0.6377600252666974	0.6122170078080478	0.7429096896114413	0.7543765961175142	0.7231769187277604	0.8011061724924803	0.7905609689634965	0.771231425765886	0.6266061367190875	0.6183340349641466	0.5908872868475457	0.6619038471358469	0.67906039581851	0.646547427196054	0.7975284764770407	0.7849358106849356	0.7647860466478605	0.5678130765536729	0.5481848167488321	0.5314423387711461
0.7495883813728952	0.6573143393033509	0.6297066895864504	0.6735759526872703	0.653433283926079	0.630724486605537	0.7442778654861351	0.757333043255946	0.7293604644952093	0.8080175513350374	0.7940332704335075	0.7719601936343732	0.6243197130430586	0.6148153049077987	0.5951106166492368	0.6480991111567512	0.6649875977188094	0.6369324541441915	0.798351038681602	0.7858750155922257	0.7684665775562508	0.5290496380333455	0.5282593491710998	0.5148907554868036
0.6435652542408424	0.569503219416281	0.5494259052700072	0.660824695279527	0.6365582297649625	0.6146322610064038	0.7317867506066975	0.7422832840622561	0.7137604089141928	0.803429476627781	0.7899659884508857	0.7689542153789382	0.6357198697309221	0.6328898566671505	0.6055977648671537	0.6584055801502295	0.6789195401041254	0.6452598822071293	0.7968565370571469	0.7857946071801761	0.7629494021589672	0.573852669166797	0.5589215706450155	0.5366944500120169
0.7526533716177852	0.6453234112211461	0.6259694118924245	0.6498859993618586	0.6218422924154899	0.5935193447997702	0.7346755052959767	0.7475339745208811	0.7169138946651408	0.8008365789391607	0.7868594500415359	0.7681756263353653	0.6174111244729931	0.6115222078818968	0.585402647582969	0.6551391520686847	0.6731206672375404	0.6418066810821016	0.7947223953267755	0.782842712085441	0.7656453559361671	0.6046936141095588	0.5721851571771994	0.5534831598895718
0.5895380827358272	0.5201501901778026	0.5072727691122533	0.6737549484031843	0.6425320525596219	0.6159690882446979	0.7430876155665199	0.7479794378180781	0.7279329006069108	0.79438477670444	0.7814251113753097	0.765827328661441	0.626927144745129	0.6338645498714438	0.6049437958282169	0.6498087125157455	0.671088608857144	0.6431558571281529	0.789372785088617	0.7762615232668726	0.7608706905604012	0.5592505220460127	0.5350249437972896	0.5230112927820966
0.6097336644949733	0.54170598914767	0.5184787827401034	0.6815453952832675	0.6485929488763924	0.6243094985868097	0.7367592454913933	0.7404218026886901	0.7195695611180316	0.8058250996976397	0.7967448971464594	0.7747047520629334	0.6331045258798171	0.6280643480981958	0.6037627509963245	0.6555177551423086	0.6745488079132246	0.6446710504847999	0.7953562491796881	0.7850081398430024	0.7701950142981835	0.5389161272080816	0.5373999603425061	0.5229861627564841
0.5547133173225479	0.48839846317901975	0.4820524774572585	0.6638215075014032	0.6275376194390154	0.6055792083770268	0.7296804703458133	0.7395769811189787	0.7143138740091337	0.7968708318457978	0.7875414158962957	0.7716684663244792	0.6150911713841819	0.6107358242805074	0.5787000020120004	0.6448068468975618	0.6618516270575346	0.6362491527002384	0.7902774031951886	0.7813535518711481	0.7675336359777459	0.616446886122955	0.5909644212506416	0.5724825025002551
ECE-Score
RF			END_DT			END_LR			END_NB			PC_DT			PC_LR			PC_NB			MLP
Base	Sigmoid	Isotonic	Base	Sigmoid	Isotonic	Base	Sigmoid	Isotonic	Base	Sigmoid	Isotonic	Base	Sigmoid	Isotonic	Base	Sigmoid	Isotonic	Base	Sigmoid	Isotonic	Base	Sigmoid	Isotonic
0.25811497790074217	0.10497712751846511	0.0803100773111178	0.10365108940146778	0.05800969948473712	0.04825468928843779	0.02168301256888665	0.054110694531687764	0.13685765558655918	0.04989852167859649	0.058089575705687034	0.060599620660182124	0.0365008058950262	0.050364160241444064	0.03205354435504444	0.036768426938134306	0.07618183046964877	0.035799352598876025	0.049182385743187326	0.05256333416043377	0.05840094825534216	0.1509352218756404	0.06142230002037168	0.04414681605169223
0.07390838551687078	0.10510584236721121	0.11728756652424867	0.14731661819022945	0.06024196024244123	0.05526743326401486	0.07243185533602323	0.06370232695332176	0.04229138357221193	0.057826472679509515	0.09937523119396048	0.0984192902503858	0.025287434377286432	0.044795091417453754	0.032422306515982866	0.027816042757292225	0.06507793319026244	0.03048233802678178	0.06848289304203731	0.08796647085247629	0.0766269453942968	0.15780001710201427	0.059206178031418394	0.04307154572035304
0.25229996330436644	0.0996902297329851	0.082585063038005	0.1620969268333836	0.06323275734611357	0.06410781083086875	0.041294008022856536	0.046059149850368485	0.04499754825089243	0.10137964006935585	0.07641714799207046	0.06188729735795318	0.02295590069629367	0.06320320628008945	0.020765873029661493	0.04054945433644587	0.06734258722212773	0.045361673990941855	0.03730610370602157	0.07238880436702969	0.05377519981806754	0.10582966510062816	0.044022896716292836	0.02718235532565504
0.1932201790372409	0.06729280645849126	0.03847205748782313	0.17261126813516925	0.05103797045109019	0.039174635109193764	0.05106044276120478	0.022001300079778206	0.03134375862922773	0.02439012000284023	0.05996298032098113	0.03898501728033521	0.025671263983065046	0.04283930718220874	0.03413108006367363	0.04859169206526578	0.07558231297974725	0.025290981618066477	0.06627685333726444	0.0870009463562916	0.045434775313834094	0.10873980837119919	0.046435232167925534	0.03303183131525783
0.007900941733101137	0.005642249421267666	0.007075116621928015	0.11572839324924263	0.053678954539816505	0.052738883176310127	0.055555776763653135	0.0386561772084917	0.04736437845706287	0.02286140202869411	0.05114792956924891	0.05133342641969085	0.040979201540296314	0.05432099062812108	0.021742242979269393	0.04691131510981637	0.06934980314826847	0.014858894239163575	0.05735255576351607	0.08079352461540502	0.08041826444797052	0.09118026962790517	0.062297916432637206	0.04853002405363445
0.09368586813853591	0.14072247659765053	0.08306081072474444	0.1675007102714102	0.06150399980101873	0.06329848646603964	0.06313207514076045	0.041168450979311086	0.05055227592290177	0.08557595659937661	0.04927924731929127	0.03341569462773009	0.037531640889314086	0.050913603747038766	0.03951577239769484	0.044292432116921965	0.08413200237544556	0.04572607234280722	0.06744297158731195	0.035157997747960065	0.05007816177149973	0.08155664440441832	0.04466573022929124	0.028390758933868544
0.08026537345417069	0.08498107605215477	0.10697132455649255	0.14782619416298243	0.06804723685910774	0.055841177863176814	0.03625893755214826	0.045462835032752016	0.057101605123844344	0.05377180857887548	0.08492178145303246	0.0615932646046502	0.02228958817949411	0.04486331631711539	0.04189218161157572	0.04563684945663925	0.07342332881431352	0.034847581031995714	0.10650037796295726	0.07874165632237895	0.0752376003390433	0.08912839451832982	0.05206429903324166	0.026626780202921745
0.1608662317313098	0.06461016001149464	0.03897403317019505	0.14654046317807645	0.056468512171471835	0.054905466274822345	0.041041486799422676	0.04257658363945961	0.04372798912919029	0.07925909402839212	0.021099671636863417	0.01802934021262112	0.019827801023965107	0.0457081195544594	0.043985338344020866	0.028070771745899614	0.07411112755726064	0.0411945315156763	0.05431223312746256	0.04985861541886003	0.06511239239454666	0.10443621124874589	0.06037780523082795	0.029736644050442483
0.2074537968484217	0.06483704694564603	0.04467956567077782	0.1083340079798762	0.05199324182902629	0.043974339463700544	0.06250659760423298	0.06157363769325917	0.044279379297998106	0.042156247339529516	0.05780419270167127	0.04983748526864975	0.048959585257136395	0.037959882065512575	0.026974209867569064	0.05264059968397576	0.0909576038189615	0.04349409025119241	0.09292692026389293	0.0743441198421597	0.05159662208706672	0.08504565060517752	0.057968588278285535	0.039048239090856855
0.15075150095816486	0.05652851770585151	0.029547052872415058	0.11076440499515136	0.04563377930208999	0.03873253140236318	0.021731158289066757	0.03035994921720378	0.03360210424100392	0.06446293080716822	0.11004678365614962	0.07158935117373058	0.038780927542277806	0.040925741551756975	0.028388702894278955	0.047043543490955596	0.07778501040309115	0.03688107607193236	0.06723870100297351	0.11811667346385282	0.07446740643864833	0.10099824538229538	0.057196482356188655	0.032811556200773875
0.0724107875134388	0.022584930668845146	0.07184369907562556	0.14612883042282043	0.05655693984415866	0.04352043475477067	0.07695413521251546	0.03870848730104437	0.028509405466910415	0.05459490425061431	0.08959974552091496	0.0605631576364052	0.03490686942809095	0.05466251177557039	0.04132962479447684	0.04205979097368395	0.05980727409418583	0.038857732098535866	0.07754365820270825	0.05320711555768693	0.05639315992012311	0.07009537519404564	0.06294497789720696	0.02545309714222895
0.00033618381455848695	7.538340670891486e-05	7.66198398085352e-05	0.13734106202684485	0.057425427734496076	0.050246003742782985	0.07379320733130962	0.05094000994539421	0.041372862026387	0.012777892523426914	0.05344476508699669	0.08362355955814575	0.03153368906715321	0.04483309264917708	0.03261478384095514	0.04459039253662794	0.06771565850834464	0.02290864867310618	0.0399374291135275	0.07419421385970568	0.08108939643157914	0.126659070602197	0.0627014214428693	0.055103133053558316
0.19709643376183067	0.06409193134012749	0.04377999083968034	0.1459619029525635	0.053387647804682296	0.04212387024518276	0.05358934678603178	0.04886669166579725	0.0334463047650212	0.06772369130859424	0.06710963101204853	0.014493676760416626	0.028321977419493143	0.04509201518148331	0.03211479918545328	0.04919890266903787	0.0674572196113648	0.026077319229236017	0.1094674179409042	0.07362457495826982	0.0561439014006651	0.07754089974426674	0.05411094529572228	0.026738888580600573
0.17335061435924207	0.060998901413466956	0.05395352793694467	0.13013814084083603	0.05386683512897145	0.040569690378531975	0.038755252142646066	0.0390990650560629	0.04207304165376387	0.04404820789172627	0.07091245346857974	0.07093286324623056	0.03420707575418917	0.043757353849475794	0.03955257522465571	0.04296488404226216	0.07405852959022835	0.020953128615573354	0.08011288774560624	0.0671251651826371	0.08580485319336698	0.10001752140430875	0.0475718606856655	0.035817703788306024
0.26617752638868625	0.1180273607426471	0.06911158461460667	0.11903998063831678	0.06975838268182788	0.05527120519609078	0.03437054790624646	0.02753396963674334	0.02501619618515133	0.08315188179943875	0.05016585064933943	0.06218900996376229	0.03076163168656144	0.048313133712717025	0.03134432085390717	0.03059158414670322	0.07110287748344565	0.02197113215461538	0.05019570319419096	0.05180686357594541	0.06038335694553384	0.07787430485755678	0.042829481076424175	0.027910024929881472
0.22106469757172936	0.0758646747728856	0.048947813359667004	0.13498002072194218	0.046589938814332654	0.043330319124061864	0.025939280359114428	0.05751918496450971	0.05117686935456796	0.06283339461437205	0.058513303519253206	0.07493312791483643	0.029295931298785893	0.0348669528566342	0.05273894048553668	0.03334267115296793	0.07161160987915284	0.011981579357686043	0.041912401973414184	0.05458764049589201	0.06902532174952043	0.10622592679383822	0.05119841158267897	0.03763360421241903
0.27059286743002625	0.11503950463672977	0.07272975293064013	0.1222778519556494	0.057867239123327585	0.044735007730607866	0.06483379460244348	0.044265094122045226	0.04380240920695775	0.029187910756446	0.06427552541339526	0.054585431718576556	0.025986030201631094	0.054615026813952944	0.02363620817564992	0.053710631000758846	0.053094293326557705	0.031080553070706774	0.028464751292791062	0.08000300158323133	0.07003593762403702	0.13001373802529004	0.07389537463381873	0.05722899265560111
0.17742373754376484	0.06258262965371555	0.03867949040821078	0.16927844622804533	0.06675202901791148	0.07093254353483418	0.09942233725874211	0.04028754766748719	0.04873644990011567	0.06467937462936826	0.07346155615581823	0.08411579336057684	0.034868798794756364	0.051036470119846473	0.028791507901846237	0.041155144233334065	0.07369730942068405	0.040864734509567215	0.08599819495248696	0.08424977141445239	0.08006086845546256	0.12150583283758329	0.04622666301747512	0.04432149052269557
0.1911359300863166	0.09352630705319759	0.05466618432398672	0.14539192523070982	0.04075337741931089	0.0406767440201277	0.0527183829723413	0.03796266574203552	0.038070695099901256	0.09202138731210174	0.09871409509991678	0.05652402802196452	0.010846326581808919	0.051435405996493246	0.030691457147253243	0.026794100761015814	0.06221171953665597	0.012160017980201884	0.06220090046232266	0.07048666582953814	0.06933882549615865	0.07181698213542022	0.03847464101737893	0.024074301876329078
0.1604223208599361	0.051206087098497145	0.027875223385870184	0.15843731006734396	0.06138157835280084	0.045827731246340556	0.05007103220641595	0.048207743814614255	0.036171530791361865	0.07000787890556279	0.094166788290384	0.04863927426676781	0.04013613960894587	0.04574803478670121	0.03834896521426129	0.03225371337377386	0.07593266834533002	0.027588997429675514	0.08302791807919636	0.08599030882434966	0.08447186846331217	0.13322747567453158	0.0670838849416682	0.032550644531005105
Hyperparameter
RF	END_DT	END_LR	END_NB	PC_DT	PC_LR	PC_NB	MLP
{'min_impurity_decrease': 0.006820628846711264, 'min_samples_leaf': 28}	{'max_depth': 3}	{'C': 1.989002315967564, 'penalty': 'l1'}	{'var_smoothing': 0.18836204849738158}	{'max_depth': 3}	{'C': 16.468854574303556, 'penalty': 'l1'}	{'var_smoothing': 0.2415552583635281}	{'alpha': 0.9869121640622517, 'batch_size': 100, 'power_t': 2.3297820101364564}
{'min_impurity_decrease': 0.017927188556402164, 'min_samples_leaf': 12}	{'max_depth': 3}	{'C': 9.888072498177904, 'penalty': 'l1'}	{'var_smoothing': 0.2704226170920814}	{'max_depth': 3}	{'C': 13.518964796534481, 'penalty': 'l1'}	{'var_smoothing': 0.17244475307715024}	{'alpha': 2.0827696040804935, 'batch_size': 300, 'power_t': 1.345477977461238}
{'min_impurity_decrease': 0.00618002142962545, 'min_samples_leaf': 37}	{'max_depth': 3}	{'C': 1.7927585045699523, 'penalty': 'l1'}	{'var_smoothing': 0.2991720194952575}	{'max_depth': 3}	{'C': 19.257919804207834, 'penalty': 'l1'}	{'var_smoothing': 0.11338369003483516}	{'alpha': 0.43821538057617376, 'batch_size': 100, 'power_t': 0.11144830809078365}
{'min_impurity_decrease': 0.00337332620613794, 'min_samples_leaf': 11}	{'max_depth': 3}	{'C': 5.8175925049558455, 'penalty': 'l2'}	{'var_smoothing': 0.10996450224714004}	{'max_depth': 3}	{'C': 8.497901372529222, 'penalty': 'l1'}	{'var_smoothing': 0.1290569976574707}	{'alpha': 1.3627456484020453, 'batch_size': 400, 'power_t': 2.579749844107681}
{'min_impurity_decrease': 0.027780322917214974, 'min_samples_leaf': 41}	{'max_depth': 3}	{'C': 3.206529833413699, 'penalty': 'l1'}	{'var_smoothing': 0.19146469331860327}	{'max_depth': 3}	{'C': 15.725910742725505, 'penalty': 'l1'}	{'var_smoothing': 0.12733930748304445}	{'alpha': 0.3764100265389239, 'batch_size': 200, 'power_t': 3.5352483860196298}
{'min_impurity_decrease': 0.015214402256798567, 'min_samples_leaf': 7}	{'max_depth': 3}	{'C': 12.879503875844756, 'penalty': 'l1'}	{'var_smoothing': 0.17812507915406706}	{'max_depth': 3}	{'C': 16.893425080842906, 'penalty': 'l1'}	{'var_smoothing': 0.15307302324038874}	{'alpha': 0.4786411707008345, 'batch_size': 300, 'power_t': 3.9488976185634352}
{'min_impurity_decrease': 0.020079864725716313, 'min_samples_leaf': 26}	{'max_depth': 3}	{'C': 19.911297253008552, 'penalty': 'l1'}	{'var_smoothing': 0.1782361893046347}	{'max_depth': 3}	{'C': 19.463600580670295, 'penalty': 'l1'}	{'var_smoothing': 0.5075842911418212}	{'alpha': 0.5645893032942654, 'batch_size': 500, 'power_t': 2.21423536679896}
{'min_impurity_decrease': 0.002241506671286732, 'min_samples_leaf': 16}	{'max_depth': 3}	{'C': 7.373704755792515, 'penalty': 'l1'}	{'var_smoothing': 0.2464061652889894}	{'max_depth': 3}	{'C': 15.141637204251902, 'penalty': 'l1'}	{'var_smoothing': 0.19437742727371943}	{'alpha': 0.508820394989428, 'batch_size': 300, 'power_t': 1.16416451641431}
{'min_impurity_decrease': 0.0034431080022059427, 'min_samples_leaf': 10}	{'max_depth': 3}	{'C': 8.935266707389173, 'penalty': 'l1'}	{'var_smoothing': 0.19126800699534796}	{'max_depth': 3}	{'C': 16.12942225643822, 'penalty': 'l1'}	{'var_smoothing': 0.3577356879948065}	{'alpha': 0.275446412189653, 'batch_size': 300, 'power_t': 3.5076951033319106}
{'min_impurity_decrease': 0.0012177623508806035, 'min_samples_leaf': 36}	{'max_depth': 3}	{'C': 2.9975122989213707, 'penalty': 'l1'}	{'var_smoothing': 0.14800000750638853}	{'max_depth': 3}	{'C': 14.944370276303404, 'penalty': 'l1'}	{'var_smoothing': 0.2812941105619359}	{'alpha': 0.5293896845298843, 'batch_size': 300, 'power_t': 1.8348245778203371}
{'min_impurity_decrease': 0.02117232049009428, 'min_samples_leaf': 22}	{'max_depth': 3}	{'C': 7.332278200251331, 'penalty': 'l2'}	{'var_smoothing': 0.2183759629570866}	{'max_depth': 3}	{'C': 15.178552970060274, 'penalty': 'l1'}	{'var_smoothing': 0.2392723707837543}	{'alpha': 0.09318519509180417, 'batch_size': 300, 'power_t': 4.7659125727093565}
{'min_impurity_decrease': 0.07257917679510131, 'min_samples_leaf': 24}	{'max_depth': 3}	{'C': 15.424817039832877, 'penalty': 'l2'}	{'var_smoothing': 0.1710459132939237}	{'max_depth': 3}	{'C': 10.329191378800711, 'penalty': 'l1'}	{'var_smoothing': 0.1635642690925112}	{'alpha': 2.803260575019495, 'batch_size': 400, 'power_t': 1.8895604847990533}
{'min_impurity_decrease': 0.003355790654322123, 'min_samples_leaf': 13}	{'max_depth': 3}	{'C': 6.33501924893833, 'penalty': 'l1'}	{'var_smoothing': 0.1887199393048924}	{'max_depth': 3}	{'C': 18.495328765006125, 'penalty': 'l1'}	{'var_smoothing': 0.32326224083763244}	{'alpha': 0.1884352436666284, 'batch_size': 300, 'power_t': 1.0250537414043126}
{'min_impurity_decrease': 0.001026008354243092, 'min_samples_leaf': 46}	{'max_depth': 3}	{'C': 2.3920392969355295, 'penalty': 'l1'}	{'var_smoothing': 0.14360865465035455}	{'max_depth': 3}	{'C': 14.476352829011573, 'penalty': 'l1'}	{'var_smoothing': 0.24287220574480217}	{'alpha': 1.6028847690310213, 'batch_size': 500, 'power_t': 3.1079487632892415}
{'min_impurity_decrease': 0.008789271803562539, 'min_samples_leaf': 39}	{'max_depth': 3}	{'C': 3.6497196721245193, 'penalty': 'l1'}	{'var_smoothing': 0.2239513862493705}	{'max_depth': 3}	{'C': 15.876759551539712, 'penalty': 'l1'}	{'var_smoothing': 0.14269412269389148}	{'alpha': 0.25868760272948405, 'batch_size': 400, 'power_t': 0.13043722871098462}
{'min_impurity_decrease': 0.0042558382956920165, 'min_samples_leaf': 2}	{'max_depth': 3}	{'C': 13.967223848268432, 'penalty': 'l2'}	{'var_smoothing': 0.1415150728809732}	{'max_depth': 3}	{'C': 13.293125164263566, 'penalty': 'l1'}	{'var_smoothing': 0.1496724882473538}	{'alpha': 0.7754900630051434, 'batch_size': 300, 'power_t': 1.5463091396757593}
{'min_impurity_decrease': 0.008997433925436728, 'min_samples_leaf': 23}	{'max_depth': 3}	{'C': 16.899496940153195, 'penalty': 'l1'}	{'var_smoothing': 0.13956685276411684}	{'max_depth': 3}	{'C': 16.946083495701668, 'penalty': 'l1'}	{'var_smoothing': 0.17186003614291012}	{'alpha': 1.4019351785817227, 'batch_size': 300, 'power_t': 1.639598766005811}
{'min_impurity_decrease': 0.003273836979912349, 'min_samples_leaf': 13}	{'max_depth': 3}	{'C': 0.32761777365554745, 'penalty': 'l2'}	{'var_smoothing': 0.19886854154742462}	{'max_depth': 3}	{'C': 17.27950382702034, 'penalty': 'l1'}	{'var_smoothing': 0.25395631542561026}	{'alpha': 0.7035193704675927, 'batch_size': 300, 'power_t': 0.5511967093826471}
{'min_impurity_decrease': 0.003292550570293419, 'min_samples_leaf': 30}	{'max_depth': 3}	{'C': 16.052262293981652, 'penalty': 'l1'}	{'var_smoothing': 0.20721494750142744}	{'max_depth': 3}	{'C': 14.397268849046107, 'penalty': 'l1'}	{'var_smoothing': 0.14408622029148177}	{'alpha': 0.1317397105851495, 'batch_size': 300, 'power_t': 0.3180015752545319}
{'min_impurity_decrease': 0.002256973311864986, 'min_samples_leaf': 8}	{'max_depth': 3}	{'C': 18.435287565724646, 'penalty': 'l1'}	{'var_smoothing': 0.15009575149568577}	{'max_depth': 3}	{'C': 6.318062120897597, 'penalty': 'l1'}	{'var_smoothing': 0.2059335357745795}	{'alpha': 1.5075877542743334, 'batch_size': 300, 'power_t': 4.916637390092437}
Mean Fit Time
RF	END_DT	END_LR	END_NB	PC_DT	PC_LR	PC_NB	MLP
0.09416817824045817	0.3329252322514852	1.9540905634562171	0.3488240559895833	0.061376229921976735	0.9440215905507406	0.0542161226272583	3.6768999338150024
0.0887326717376709	0.32035520871480305	1.340983049074809	0.33283062775929767	0.05016937255859375	1.0647807518641152	0.05284179051717123	3.2822486082712814
0.09315276940663655	0.30795652866363527	2.0370182355244957	0.31487853527069093	0.05117237567901611	1.0633907715479531	0.05289302666982015	3.4357847690582277
0.09577251275380452	0.3126506090164184	1.7503555774688722	0.3276566425959269	0.05544733206431072	0.7212929407755535	0.052830235163370765	3.0964965740839636
0.08795741399129231	0.3192485570907592	1.104480250676473	0.3186639865239461	0.051514784495035805	1.1736077308654784	0.05372694333394369	3.613253005345662
0.09283395608266194	0.33430077234903977	1.6674320697784424	0.3110256989796956	0.052079200744628906	0.8311040480931599	0.05308238665262858	3.097563298543294
0.08776072661081949	0.33212292194366455	1.848400640487671	0.3080426295598348	0.049556549390157065	1.3066945870717368	0.05318048795064291	2.9560781478881832
0.10023757616678872	0.3179787158966064	1.9269075949986774	0.3341716925303141	0.05405341784159343	0.8888012170791624	0.05361440181732178	3.1455544471740726
0.09822827974955241	0.3105071624120076	2.3591307401657104	0.3094810962677002	0.051700576146443675	1.3086005131403604	0.05241193771362305	2.907547330856323
0.0962479035059611	0.3429459651311239	1.4810889641443887	0.303936775525411	0.053296081225077306	1.0589752356211344	0.054136641820271815	3.146377110481262
0.09351070721944174	0.31680548985799156	1.9577407995859784	0.31206168333689377	0.052245259284973145	0.9949419975280762	0.05318182309468587	3.581699331601461
0.08749481836954753	0.32984012762705484	1.627141316731771	0.33008970419565836	0.05292212963104248	0.6932045459747315	0.053920523325602224	3.289744218190511
0.09383650620778403	0.31817487875620526	1.9079511483510339	0.3346085707346598	0.05248072147369385	1.0461022535959876	0.053355065981547045	3.203783520062765
0.09376718203226725	0.3007281621297201	1.6939894278844196	0.3084309975306193	0.05276920795440674	1.046978521347046	0.05373221238454182	2.9709674040476477
0.0931463082631429	0.3191194613774617	1.9787607510884602	0.3222311735153198	0.05271394252777099	1.4154953479766845	0.0525413195292155	3.039014180501302
0.09247832298278807	0.3079019864400228	2.27850083510081	0.3204802433649699	0.053239146868387856	0.8207740068435669	0.05378795464833578	2.8475277503331506
0.08992846012115478	0.32632684707641596	1.468136183420817	0.3040319363276164	0.05488138993581136	0.888075057665507	0.053652222951253256	3.342049717903137
0.09981849193572997	0.32267348766326903	1.0583716710408528	0.32035627365112307	0.05004566510518391	0.7095040400822958	0.05410430431365967	3.0443222840627038
0.0924351692199707	0.3184809605280558	1.44649182955424	0.31766495704650877	0.05577042102813721	1.2282579660415651	0.05345132350921631	2.931224997838338
0.09774669806162516	0.31973853905995686	1.8040192047754924	0.31390637556711837	0.0539329449335734	0.6601474285125732	0.053490424156188966	2.8417725960413613
Mean Score Time
RF	END_DT	END_LR	END_NB	PC_DT	PC_LR	PC_NB	MLP
0.03238944212595622	0.03476724624633789	0.014871128400166831	0.06887398560841879	15.801190876960755	8.676025064786275	19.230182647705075	0.006241337458292643
0.03331185976664225	0.031283330917358396	0.014620971679687502	0.06044633388519287	11.524705227216085	8.365359473228455	18.870984387397762	0.005644559860229492
0.031804410616556804	0.03083810806274414	0.014732432365417481	0.0671417236328125	11.259224692980448	8.359141548474629	19.013391343752545	0.0057407617568969735
0.034531903266906736	0.03494169712066651	0.014407873153686523	0.06186420917510986	12.530018321673074	8.346801646550496	18.99069526990255	0.005682762463887533
0.03143299420674642	0.03466684023539225	0.014598655700683593	0.06506640116373698	12.103603490193684	8.198144197463991	18.7289137840271	0.005658284823099773
0.033463271458943684	0.0339616298675537	0.015108768145243326	0.06207792758941651	12.124132188161216	8.141448402404786	19.33919267654419	0.005712676048278809
0.030924057960510253	0.03507813612620036	0.014305432637532553	0.065887713432312	11.559577226638796	8.305783939361572	19.270208303133646	0.0056196769078572595
0.03350400924682617	0.030430618921915693	0.01453402042388916	0.06239991982777913	12.489138182004293	8.294026335080463	18.718193578720093	0.005676929155985514
0.03802154064178467	0.03187531630198161	0.014380669593811036	0.0641392707824707	11.770755728085835	8.218468117713927	18.67307330767314	0.005814178784688314
0.030909593900044764	0.03286011219024658	0.015251723925272622	0.06521383126576742	12.480175503094992	8.250682012240093	19.350270207722982	0.005784583091735839
0.036406000455220536	0.03196439743041992	0.014505910873413085	0.0668510357538859	11.898536705970765	8.222290817896525	18.88555229504903	0.005774140357971192
0.033075261116027835	0.035151124000549316	0.014639345804850263	0.06318236986796062	12.1855668703715	8.319296503067019	19.209228420257567	0.005887333552042644
0.03260110219319661	0.03043382167816162	0.014486018816630045	0.06777564684549967	12.003400659561155	8.382800952593485	19.2674574693044	0.005724279085795084
0.03386788368225098	0.03077538013458252	0.014695151646931965	0.069131867090861	12.501520125071208	8.08326408068339	19.06276417573293	0.00565321445465088
0.031162254015604657	0.033313123385111484	0.014649311701456707	0.06197885672251383	12.099116802215576	8.138106783231098	18.525891248385115	0.0057955503463745115
0.03639053503672282	0.03291269143422444	0.014356962839762372	0.061943483352661144	11.768996675809225	8.138319253921509	19.037515298525495	0.005688230196634928
0.033787592252095544	0.03135296503702799	0.014244898160298666	0.06139278411865236	11.964180533091227	8.197625120480854	18.627428420384724	0.005667535463968912
0.03338342507680257	0.035534421602884926	0.014740626017252604	0.0627855936686198	11.673315755526225	8.116513538360595	19.371548716227217	0.005680235226949056
0.034153413772583005	0.031420294443766275	0.014666326840718589	0.06624188423156738	13.052059626579284	8.3338787317276	18.933410477638244	0.005669132868448893
0.0347570021947225	0.0314173698425293	0.014428893725077312	0.061446245511372885	12.737618947029114	8.294743704795838	19.00707769393921	0.005615075429280599
